Challenge_3/RasterMaps/Asia.asc
NCOLS        1093
NROWS        707
XLLCENTER    61.691666666667 
YLLCENTER    2.458333333333
CELLSIZE     0.0833333333334
NODATA_VALUE -9999
[rows 429 to 467 of 707, columns 430 to 515 of 1093]
196 451 554 402 538 913 1526 1665 2900 3434 2447 2254 2006 2252 1913 2708 928 2175 2578 2125 2858 1893 2049 2262 2222 2080 1794 1890 2335 2444 1831 2698 2169 2188 2240 2746 2600 1790 2020 2147 2246 1896 2082 2401 1885 2328 2536 2157 2095 1740 1790 1546 1393 1765 2249 2446 2056 2174 1916 1960 2030 2176 2011 2140 2011 2747 2790 2232 2016 1968 1961 1999 2231 2014 1931 1872 1928 2228 2091 2128 2183 1829 1895 2106 1662 1832
156 194 411 232 604 525 1331 2696 2517 2234 2889 1911 1877 1912 1791 3046 933 1894 2728 2591 1736 2470 1910 2378 1762 2299 1900 1566 2311 1620 2430 2215 2184 2325 2375 2173 2070 2023 2186 2040 2046 1930 1998 2086 1985 2058 2321 2462 2047 2051 2142 1803 1952 2112 2359 2139 2088 2207 1815 2021 1831 2107 1811 2120 1948 2250 2093 2042 2138 1894 1956 2055 2053 2073 2006 1893 1853 2138 2185 2336 2281 1910 1743 1902 1656 1745
154 198 281 363 1405 1742 1492 2079 2024 2085 2323 1729 1980 1701 1823 3047 851 1861 2087 2657 2051 1392 1832 1886 1607 1991 2331 1983 1927 1847 1880 2373 1749 2276 2403 1725 1912 2019 1958 2055 2182 2047 2239 2116 2034 2399 2254 2200 2072 1915 2309 1668 2209 2404 2166 2394 2141 1819 2096 2080 1779 2166 2309 2304 2241 2630 2167 1937 2125 2037 1936 1963 2078 2077 2121 1991 1937 1928 2312 2437 1958 1870 1849 2003 1753 1601
162 274 474 920 1573 2144 2345 2263 1879 1725 2378 2134 2058 1500 2078 2170 948 1552 1941 2766 1869 2073 1548 2265 1827 1775 2466 1877 1694 2213 1753 2279 1925 1874 2484 1709 1928 2253 1859 1955 2247 2192 2492 2105 2132 2299 2133 1980 1795 1834 1806 1962 2224 2227 1918 2303 1842 1801 2569 1793 2176 2134 2050 2114 2231 2191 1914 1904 2121 2197 1980 2101 2121 2106 2262 2239 1861 1941 2321 2016 2183 2027 1975 2103 1903 1602
185 336 985 1657 2256 2577 2488 1446 1712 1963 2323 1856 1767 1479 2301 1875 1303 1457 2458 2808 1861 2502 1778 1570 2126 1681 2164 2046 2101 1369 1754 2108 2278 1708 2270 2024 1765 2014 1907 1744 2014 2554 2386 1987 2069 2027 2022 2037 1853 1910 1834 2139 2308 2116 1922 1736 1774 1841 2354 1950 1878 2109 2078 2287 1966 2039 1918 1949 1954 1995 2005 1994 1983 2114 2292 2355 1880 2076 2049 2050 2062 1862 1748 2215 2158 1852
154 298 837 1209 1947 2222 1923 1115 1702 2260 2184 2114 2042 1912 2114 2106 879 1513 2290 2486 1678 1989 2375 1600 2517 2229 1963 2099 1831 1536 2061 1736 2154 2016 2348 2608 2042 1690 1916 1585 1775 2244 2321 2052 1913 1896 1898 2151 2100 2010 1918 1935 1865 1734 1759 1668 1881 1989 2152 2029 1997 1940 2104 2014 2151 2070 2048 2039 1776 1816 1861 1920 2086 2027 1904 1878 2067 1981 1921 1949 1872 1957 1999 2007 1850 1884
153 580 596 967 1601 2009 2250 1139 1644 2336 1516 1930 1681 2169 1759 2124 1410 1382 1643 1986 1646 2063 1895 1774 1524 1735 2169 1519 2454 1585 1790 1803 2026 2309 2403 2197 1649 1962 1782 1868 2429 2588 2343 1854 1823 1994 2133 1873 1823 1802 2000 1863 2098 1556 1821 1747 2237 1908 2101 2167 2137 2249 1954 2019 2072 2125 2391 2195 1767 1691 1879 1982 1969 1916 1867 1838 2134 2007 1885 1918 2104 1964 1362 1783 1678 1701
267 431 1203 1287 1845 1918 2067 1017 1953 1798 1426 1655 1661 2034 1631 2100 790 1669 1390 2002 1702 1786 1486 1355 1942 2433 1314 2290 1976 1954 1779 1577 1592 2124 1905 1689 1683 2026 1408 1575 1902 1652 2129 2127 1743 1962 2198 2010 1887 1889 1840 1854 1401 1564 1714 1617 2010 1866 1865 2009 2244 1923 1888 1910 1991 2198 1823 2100 1621 1706 1726 1936 1874 1844 1831 1884 2154 1950 1950 1896 2027 1830 1551 1360 1747 1622
200 888 1136 1965 1706 2193 2079 1390 1782 1794 1183 1593 2043 1859 1357 1802 797 1743 2091 1677 2114 1752 1748 1044 1872 2389 1809 1756 2445 1618 1469 2290 1220 2020 2123 2265 2309 2441 1847 2298 1629 2039 1544 2358 1974 2014 2034 1958 1887 2020 1725 2002 1592 1627 1486 2231 2077 2101 1920 1889 1969 2128 1886 1895 2009 2118 1997 1759 1678 1846 1879 1840 1876 1943 1898 2265 2020 1994 1865 1803 1858 1564 1464 1607 1680 1495
258 951 2346 2195 2234 1418 1585 1093 1700 1199 1348 1470 1668 1577 1507 1835 856 1447 1894 1841 1904 2319 1807 1069 1893 1664 1851 1682 1824 2441 1899 1548 1905 1951 1996 2197 1868 2419 2408 1921 2054 1375 2068 1954 2169 1626 1933 1936 1973 1957 1730 1598 1455 2105 1901 2096 1882 1866 1969 1914 1914 2055 1886 1891 1992 2063 2161 1608 1986 1725 1870 1919 1987 2140 1981 2061 1985 1919 1834 1879 2027 1518 1519 1377 1541 1642
454 877 1691 2265 1435 945 868 909 1725 1384 1885 1775 1844 1708 1691 2059 1198 765 1808 1670 1576 2666 1217 1050 1321 2028 1758 2121 1438 1262 1268 1646 1308 1234 1164 1899 2019 1728 2039 1901 2360 2168 1615 2051 2231 1684 1535 2045 1509 1903 1732 1829 1751 1994 2042 2151 1749 2130 2037 2075 2109 1886 1888 1919 2270 2282 2001 1684 1923 1693 1918 1954 2063 2167 2059 1845 1884 1894 1887 1898 1762 1548 1714 1265 845 1138
826 1244 1745 1515 813 932 1347 2108 1319 1562 1359 1063 1323 1467 1574 1865 2023 2175 1171 1811 1894 1973 1540 1890 1899 1957 1767 1905 2198 2457 2177 1186 2152 2677 2006 1188 2201 2083 1412 1708 1637 2696 2013 1200 1627 1786 2141 1524 1232 1930 1810 1693 1903 1676 2252 1887 1570 2096 1918 2134 2141 1889 1967 2098 1821 1849 1595 2373 1691 1723 1869 2007 1963 2089 1850 1834 1837 1905 2116 2166 1894 1468 1471 1076 984 857
1321 1582 1380 866 825 1999 1952 1277 1603 889 1072 1303 1891 1915 1723 2137 1959 1907 976 2064 1927 2090 881 1395 1790 1179 1586 1535 2330 1586 2250 2285 1719 1770 1844 1466 1424 2633 2023 1447 1826 2208 2533 1803 1634 1388 1496 1631 1562 1780 1663 2028 1786 1315 2050 2147 1562 1922 2114 2042 2003 2113 2055 2135 1721 1731 1529 1429 1816 1862 1890 1919 1915 1797 1827 1816 2000 1975 1870 1911 1438 1217 933 1018 1183 1017
893 1398 1170 1124 1827 1438 1060 1821 1392 1038 1827 1248 1254 970 1609 2139 2422 2341 842 1648 2279 1557 952 1602 1859 1210 1388 1873 1968 2882 1997 1551 1413 1117 1295 1142 1074 1561 2201 1523 1689 1556 2363 2433 1443 1029 852 1785 1183 1382 1315 1486 1558 1911 1274 1384 1530 2059 2174 2238 2135 2195 2037 2129 1732 1969 1787 1431 1916 1997 1928 1769 1651 1818 1830 1759 2219 1966 1669 1438 947 1296 969 1115 932 1042
435 1110 1261 1444 1703 1176 1589 1292 970 1555 962 903 872 1096 1991 1608 1629 1231 1444 1398 1218 1437 1210 1734 1685 1285 1498 1712 1492 1919 1966 1184 1612 2088 2206 1569 1790 2009 2916 1893 1233 1605 1731 2382 2586 1514 926 1499 1569 1400 1250 1139 2033 1878 1338 1805 1694 1880 2266 1971 1644 2169 1958 1806 1721 2018 2027 1340 1910 1945 1666 1427 1576 1949 1814 2194 1985 1212 1101 1243 1173 1199 1589 1267 1234 1230
1302 1424 1556 1468 1015 993 1624 874 1087 947 1111 1093 1146 1294 2333 2165 2227 1631 867 1099 874 1886 919 1759 1183 1054 1503 1731 2297 1332 1606 1810 1752 2067 1987 1982 1441 1488 2208 2378 1579 1354 1500 1691 2718 2656 1652 910 1979 1051 907 1090 1797 1803 1673 2150 1990 2170 2166 1860 1648 1739 1801 1720 1892 1933 2168 1264 1940 2011 1391 1473 1797 1963 1592 1281 1234 1201 1336 1271 1395 1407 1693 1582 1246 1353
1722 1797 1271 945 944 1269 891 1141 898 828 1437 1486 1868 2127 2643 2200 1931 1364 931 976 1225 1748 862 1007 1449 1668 2215 1965 2453 1762 1552 2324 1722 2173 1929 1966 1313 1649 1499 1705 1777 1197 1541 1317 1689 2563 2446 994 1074 1565 1666 1186 963 1428 1730 1902 1446 1636 1744 2036 1781 2020 2171 2031 2057 1740 2247 1174 1780 1790 1450 1385 1993 2072 1899 1091 2304 1763 1377 1363 1641 1626 1685 1658 1098 1428
1675 1530 1194 962 1218 1709 1326 800 1220 1796 2001 1296 1548 1588 1575 1504 967 1706 2002 1488 1980 1562 865 896 1013 2390 2305 2123 1165 1248 1554 1490 2103 2009 1846 1800 1437 1658 2163 1618 1780 1731 1238 1986 1436 1762 2765 1361 633 1698 1595 1785 1923 2297 1738 1607 1480 2166 1757 1640 1924 1923 1808 1793 1891 1777 2173 1305 1757 1747 1558 1447 1740 1326 1412 1826 2044 1715 1461 1456 1536 1644 1566 1279 1225 1416
1263 1160 1080 1279 1061 1197 926 974 1957 1206 922 1094 1339 876 1141 2074 1764 1309 1471 1798 1225 1715 950 1140 1750 3044 2414 1122 1044 1622 1684 1666 2417 1549 1385 1255 1818 1995 1972 1332 1687 2016 1530 1584 1122 1592 2329 2434 967 776 1454 1645 2021 1892 1626 1306 1120 1520 1805 1850 1667 2090 2142 1936 2014 1739 1291 1468 1887 1787 1466 1340 1582 1576 1873 2097 2027 1886 1665 1494 1536 1517 1418 1534 1150 1246
1152 865 1226 914 764 903 1159 1238 1563 1340 1031 852 1388 1359 1781 1790 1205 1240 1282 1758 2262 1685 1120 1230 2346 1681 1066 1238 1355 1557 2124 1765 2515 2169 1201 1044 1522 2030 1707 1231 1522 2195 1456 1115 1517 983 1310 2394 2117 733 822 1275 1806 1956 2111 1282 1498 1608 2147 2014 1957 1761 1398 1554 1739 1679 1618 1375 1433 1682 1149 1314 1356 1295 1744 1881 2018 2034 1951 1820 1577 1639 1592 1372 1496 1503
943 834 760 754 1115 1235 1076 1337 1576 964 1316 1287 1581 1006 1589 1396 1196 1513 1288 1860 1863 2155 1394 1972 1643 1411 1219 1562 2502 2302 1687 1525 2368 2391 1174 1079 1704 1811 1988 1294 1369 1884 1828 1265 1722 1784 1058 1744 2458 1646 741 1149 1013 1962 1898 1561 1555 1229 1997 2093 2168 1819 1811 1503 1411 2042 1763 1276 1537 1552 1264 1178 1325 1253 1625 1522 1676 1729 1879 1746 1632 1596 1423 1580 1484 1579
894 743 808 1655 1060 904 1079 1515 1223 1066 1414 915 1560 976 1798 1246 1117 909 1811 1841 2351 2659 1936 1226 759 1248 1546 2016 2350 2631 2108 1845 1901 1688 1141 1458 1750 1688 2082 1244 1323 1667 2292 1307 1640 1489 1296 1253 1396 2259 1157 532 942 1181 1759 1049 1875 2075 1316 1764 1910 1757 1693 1735 1852 1631 1523 1531 1164 1151 1170 1309 1602 1507 1544 1534 1620 1674 1680 1647 1605 1532 1534 1548 1548 1734
1177 1091 1476 1558 993 1201 945 1448 1446 1172 1181 1683 886 1336 1738 1226 1130 866 2156 2306 2065 1400 576 1140 1411 1307 1786 2071 1619 2366 1790 2179 1907 879 1143 1329 1294 1352 2108 1390 1525 1684 1959 1326 1529 1606 1230 1098 1666 2197 1419 800 849 921 1295 1473 967 1522 1490 1523 1984 1930 1582 1632 1439 1509 1586 1744 1471 1192 1742 1822 1684 1517 1568 1468 1460 1480 1491 1595 1578 1587 1531 1497 1608 1545
977 1837 1772 1277 1208 1609 1281 1595 1340 968 940 1639 1055 703 1632 983 1447 1343 1246 1209 798 748 1192 1905 1359 1378 1763 2544 1281 1993 2084 2021 1219 1185 1488 1143 1484 1725 1813 1063 1283 2054 1952 1621 1576 1622 1105 1032 1124 1930 2239 2019 772 788 1167 1980 1622 1574 1545 1718 1425 1429 1550 1489 1322 1306 1376 1814 1520 1137 1581 2473 2220 1953 1644 1495 1481 1497 1490 1553 1616 1567 1542 1502 1593 1565
1164 1838 1325 1113 1164 1349 1295 1676 1275 967 1073 1199 1006 1320 1214 1027 1664 893 754 495 769 1613 1487 1117 1209 1872 2394 1578 1170 1447 1889 1786 1313 1029 1137 1151 1359 1640 1177 1663 1872 1960 2275 1610 1346 1291 1508 1095 1157 1365 1978 1560 1559 672 418 1101 1318 1469 1099 1116 1357 1669 1454 1402 1421 1846 1854 1360 1540 1286 1311 1771 2169 2020 1847 1712 1463 1495 1430 1503 1695 1697 1531 1659 1713 1501
1406 1452 1146 1277 1275 1343 1473 1605 1363 1013 1776 1523 1354 1306 1635 912 591 889 618 825 1437 2489 1199 1278 1746 1883 1773 1149 1341 1789 2138 1823 1715 1891 1123 1511 1641 1507 935 1218 1767 1678 2567 1817 1298 1323 1622 932 1456 1373 1472 1805 1691 1968 1024 620 1227 1881 899 1816 1963 1848 1720 1563 1851 2129 2010 1763 1294 1370 1280 2102 1985 1871 1970 1955 1696 1480 1412 1435 1624 1636 1508 1473 1577 1324
1095 828 903 1123 1412 1388 1493 1495 944 819 1274 1510 1665 668 524 615 983 1688 1268 1115 2598 1292 1125 1548 1400 1431 1177 1080 2144 2371 1825 1095 1653 1606 1112 1416 1318 1056 1143 1946 1327 1126 1468 1606 1460 1167 1629 1228 1668 1409 1424 1521 1672 1855 2051 1351 1020 500 1591 1601 2292 2016 1727 1555 2111 1425 2122 1912 1656 1290 1291 1869 1888 1991 1961 1921 2101 1883 1649 1398 1322 1476 1566 1554 1444 1527
821 1042 839 1211 1226 1036 753 711 769 1093 1217 1584 1181 1062 742 922 2275 1483 1154 1109 2399 1888 1933 972 1593 1262 1348 1487 2125 2261 1483 1426 1224 1437 1094 1252 981 1387 2040 1674 1273 1351 1810 1927 1425 1333 1651 1379 1048 1491 1322 1514 1790 1874 2331 1569 1754 1074 838 668 548 944 1553 1434 1584 1088 1679 1734 2451 1651 1348 1455 1700 1678 1829 1798 2275 2289 1910 1629 1489 1266 1513 1628 1394 1202
1022 938 822 606 717 651 763 1237 1234 1544 1057 641 1222 825 697 1551 1258 1015 1010 1131 1789 1307 1782 1188 1564 1819 1220 1680 1107 992 1327 1174 1939 1431 1432 1681 1331 1028 1327 1524 1218 1227 1363 1632 1112 1150 1154 1683 1363 1329 1078 1320 1315 1666 1923 1982 2027 2200 1659 1401 1080 1256 876 353 724 831 1376 1962 2209 1782 1546 1760 1671 1586 1842 1491 2062 1720 1817 1743 1644 1349 1376 1370 1284 1181
578 647 743 764 685 992 1453 1396 1324 1120 460 537 810 1029 781 1241 749 768 1213 1689 1909 1379 2270 1489 1761 1865 1916 1370 1473 1887 1469 811 1194 1303 1402 1479 1298 1267 1731 1319 919 1337 1657 1711 1727 1117 1162 1451 1526 872 1590 1785 1141 1331 1928 1565 1871 1519 1543 2053 1667 2187 1170 1078 907 550 1006 1723 1752 1596 1491 1839 1532 1561 1241 1682 1754 1244 1746 1730 1599 1473 1581 1081 1332 1538
736 681 833 1079 938 1108 1233 1225 837 1064 1051 961 932 1248 954 788 989 655 914 1413 1637 1296 1406 1625 1771 1805 2090 1077 1033 1850 1789 1375 1006 963 1156 1428 1044 1383 939 1086 1265 1763 1401 1596 1548 1348 915 1440 1494 1392 1445 825 1387 1282 1210 1863 1640 1993 1671 1457 1051 1496 1597 1963 1769 1682 728 825 281 609 1316 1149 1940 1627 1316 1759 1665 1153 1559 1714 1623 1513 1423 1198 971 1549
636 757 777 761 777 847 930 885 1722 1283 1430 1080 1104 542 922 724 1010 1242 1133 941 1139 1501 1227 1276 1771 1394 1678 1467 1441 2030 1945 1595 1080 1112 996 1382 1339 1060 1101 1390 1365 1511 1448 1625 1612 1725 1706 870 1255 1593 1231 1386 1729 1704 1563 1498 1781 1475 1408 2121 1602 1513 1460 1226 1556 2358 1702 1183 1312 943 291 916 927 1370 1469 462 1125 708 1798 1744 1500 1520 1281 1612 1241 1249
836 759 933 1033 1147 1513 1480 1156 1319 1186 838 550 806 642 1196 1386 713 1298 1203 886 1293 1455 2216 1422 1770 1736 1768 1823 1843 2077 1775 1174 1248 948 1255 1264 1235 997 1206 985 1481 1622 1373 1668 1558 1666 1965 1312 1252 1407 662 1085 1366 1120 1798 1446 1828 1922 1368 1355 1715 1133 709 881 1941 1757 2376 1231 1378 1309 1219 472 381 893 1976 560 356 781 1556 1153 1366 1545 1301 1442 1359 1810
886 943 917 812 572 554 562 630 1316 1162 1366 1818 648 863 1319 1516 1269 1201 690 1244 1464 881 1625 1375 1857 1083 1664 1324 1672 2162 1544 1741 1544 1071 1035 995 987 1545 1357 1091 1297 1347 1693 1599 1171 1445 1674 1206 1021 1150 1647 1126 1019 1128 1028 1089 954 1683 1274 1173 1148 1324 1263 1374 760 889 1619 761 1451 1985 1488 1295 511 313 590 1450 423 1249 1175 1193 1442 818 1577 1065 1508 722
506 730 1049 618 563 637 1463 1322 997 1033 1407 1531 493 802 1021 1230 1509 804 908 1266 1551 978 986 2005 1243 933 2005 1742 1509 1597 1361 1906 1464 1224 776 1369 1370 1201 1117 1179 1391 1322 1525 1309 1511 1021 1468 1602 1601 915 1348 1416 1060 1218 547 1408 1182 1015 1519 1896 1885 1800 869 568 647 834 1607 945 1130 1377 1732 2588 1105 440 209 731 776 1175 643 910 651 766 775 1430 1599 549
531 631 666 566 609 735 1298 1390 979 1004 1347 1132 853 983 1056 986 1374 1516 1537 1166 1175 1524 804 1720 1003 990 1921 1501 1622 1620 1353 1104 1322 886 859 990 1186 1202 1566 1238 1485 1102 1370 1601 1434 1301 1022 1783 1612 1034 1025 1181 1321 1343 626 886 1024 1371 821 720 1722 1184 1366 2190 1736 824 499 451 604 894 1539 2072 1523 1731 671 136 389 438 716 672 1125 1424 575 568 961 1997
671 612 642 719 811 977 1677 1329 979 1125 1064 1064 1150 686 760 1356 817 1606 1327 1038 1074 1383 1043 1133 1177 1467 1377 1835 1392 1312 1487 1058 1726 1168 1399 774 791 1106 1019 1145 1685 1205 1037 1415 1413 1183 1384 899 1605 1220 1152 1037 1161 1199 1437 859 1050 418 685 1047 728 756 1371 2374 2005 1402 1187 788 846 536 580 1815 2027 1752 1657 599 115 236 304 754 351 1392 1206 1614 1170 1237
797 788 991 946 1001 936 1005 974 912 1005 987 983 1124 864 774 1131 1072 1411 873 992 1374 1306 926 1003 1703 1196 1149 1439 1119 1205 1984 1297 1197 1787 1185 1624 963 881 1111 970 1265 1207 1077 1053 1445 1175 1402 930 1012 1303 1001 1106 1086 1207 1639 869 576 1041 1106 607 1009 510 1187 1602 1392 1365 1250 1187 525 614 1043 810 1565 2039 777 1695 816 128 145 354 335 1019 928 1100 188 888
816 877 897 952 893 868 865 1147 1357 1317 1085 1016 1372 476 764 1284 1282 1290 815 1478 1077 956 977 1508 1550 1194 1242 1344 1194 1267 1502 2165 1981 1771 1583 905 774 1051 1178 953 1217 1294 1222 959 1336 1102 1339 1455 976 1164 1171 941 1134 1033 956 1258 1008 1195 857 1134 841 476 520 1024 902 1037 1697 944 470 530 1215 1116 1351 2599 2159 1404 1481 571 115 130 210 394 361 316 198 127
