Challenge_3/RasterMaps/Asia.asc
NCOLS        1093
NROWS        707
XLLCENTER    61.691666666667 
YLLCENTER    2.458333333333
CELLSIZE     0.0833333333334
NODATA_VALUE -9999
[rows 39 to 77 of 707, columns 602 to 687 of 1093]
855 675 844 673 764 576 635 685 1007 1022 802 848 323 846 737 1134 776 250 841 329 585 436 496 670 653 586 935 1130 948 440 782 623 710 678 783 824 662 971 909 654 746 893 899 968 1103 1027 1010 890 942 973 914 971 1115 1199 1049 1210 1203 1136 1410 1170 618 674 1172 1440 1423 1246 1485 1212 1509 911 747 823 677 725 819 606 597 344 443 569 959 918 851 853 1011 1022
787 668 586 534 665 540 728 900 858 591 858 528 962 863 1099 858 667 634 581 543 818 792 654 654 428 679 702 673 894 445 795 823 759 1014 1068 708 601 535 702 691 601 714 713 942 1110 1070 1073 1131 1203 799 1199 1290 1276 1103 1212 1530 1174 1511 1169 987 985 1455 1081 1430 1202 1162 1450 1512 1190 887 996 774 648 604 569 526 503 697 430 399 605 858 971 970 887 930
855 902 826 476 615 747 651 863 599 672 779 778 391 498 495 810 844 654 981 479 402 260 651 819 733 696 696 388 320 507 476 381 863 678 829 824 908 590 964 1172 1381 978 667 827 947 1117 1076 1109 1243 1054 1082 1114 1232 1092 1161 1329 1492 1198 1287 1066 796 1442 1285 1245 1336 1395 1328 1315 1001 865 797 848 753 556 496 565 583 816 803 517 453 460 840 605 680 831
812 616 645 868 906 817 835 932 838 719 917 693 466 445 608 879 957 971 938 909 907 913 289 551 502 505 514 319 339 644 765 691 737 425 888 669 441 272 658 1114 815 722 790 952 1061 911 914 1025 1143 1281 1372 813 1268 1195 1415 1107 1365 1228 1174 769 1367 815 1287 1398 1266 1565 1344 816 747 696 656 567 861 795 1274 882 864 1247 958 990 677 447 607 838 928 961
978 649 587 733 892 1200 1137 1102 859 376 727 728 410 946 862 751 605 820 989 898 933 936 681 793 644 704 444 751 640 728 756 1033 971 959 635 642 648 748 764 268 359 450 922 647 1077 783 747 933 875 786 334 747 344 802 698 1090 1105 1161 1408 1360 1154 1654 1079 1441 1681 1164 1499 1159 789 554 939 994 1178 875 1656 1314 1268 1311 851 570 821 552 839 505 900 1081
702 600 738 928 871 919 766 628 394 511 1095 858 587 760 955 1071 1123 914 1015 1160 1000 1171 986 627 627 368 711 955 1016 836 653 861 700 1051 971 881 1115 925 678 803 649 439 600 692 774 786 707 996 941 874 455 1265 955 803 417 603 656 948 1401 1222 955 1421 1420 1445 1518 1231 1550 1246 624 1134 1127 1459 1371 1440 1352 1124 914 891 925 709 535 1161 1186 971 990 954
721 749 1107 902 946 786 634 548 329 670 684 848 961 795 838 984 1117 1061 1040 971 819 879 676 847 679 668 664 543 579 874 980 1160 655 883 1155 1081 930 826 739 499 381 494 707 824 876 787 948 841 654 339 646 1059 918 1212 852 448 821 715 568 861 1378 1345 1414 1079 843 1005 1447 1044 608 1428 1033 1312 1202 1156 1113 1184 1155 1259 1346 707 1126 1101 1180 1587 636 1098
968 885 1018 823 764 671 386 882 536 629 675 702 769 756 983 1040 1103 998 767 643 711 642 773 747 599 412 665 640 605 777 813 841 765 920 1007 1311 1166 1103 922 687 892 279 562 309 539 950 405 1137 1048 1064 1028 1014 508 1101 1355 1013 383 862 838 1029 794 482 718 1273 1137 1584 1372 1208 1112 1205 776 1397 1332 1358 1200 1460 1674 1324 1102 1086 797 1129 1621 1398 1125 860
1050 816 389 377 430 503 641 640 819 907 615 562 896 940 1163 1055 1181 958 1162 942 1030 910 1026 1025 571 856 745 993 917 906 1103 1251 1104 681 899 1453 1280 950 1085 873 848 804 520 669 541 675 955 579 930 637 910 1068 1244 925 1011 485 464 634 484 892 979 633 1003 1194 1334 1138 1474 1358 1222 1866 1358 922 1856 1438 1332 1697 1436 1444 1695 701 1526 1372 1040 1498 1244 1430
656 693 455 560 786 693 1054 775 822 1341 850 367 671 1079 670 584 886 744 993 1089 818 891 706 566 824 896 499 790 1366 1087 1385 1528 1575 1119 1511 1169 1050 1259 1135 788 971 741 561 455 506 524 571 848 1065 712 869 1099 1100 753 800 543 705 991 816 1201 1163 1553 1188 994 1582 1546 1603 1769 1692 1838 1877 1945 1735 1916 1983 1451 1020 1561 1650 1274 1275 1863 1474 1306 868 934
471 647 666 908 1167 840 1324 1103 1222 777 470 1116 634 606 704 1467 1012 1254 736 1269 1352 844 1228 1232 1258 724 1117 1244 1095 733 752 703 1146 1206 1511 1550 1559 1364 1229 1118 818 805 1119 743 975 1157 1354 1047 1518 1546 1378 1323 1372 1216 429 344 1217 1368 1230 1454 1267 1553 1803 1238 1607 1655 1067 1460 1132 1436 1828 1806 1883 1870 1727 1818 1358 1803 1744 1512 1808 1656 1715 1617 1370 823
669 653 545 635 648 793 984 900 1533 1339 861 674 678 990 1040 1117 1034 1217 987 956 1373 1320 949 792 793 739 691 1008 1098 1121 963 1133 1075 746 886 1105 1219 1467 1215 1271 1026 1004 1493 1007 1239 1288 1302 1096 1160 1271 1199 1012 1124 904 362 348 1231 1505 1393 1559 1695 1658 1456 1011 1412 1458 1780 1118 1453 1881 1257 1597 1802 2070 2116 1851 2014 2032 1967 1732 1123 1623 788 674 670 668
532 850 746 877 894 734 788 794 1300 1207 1009 1055 851 565 1124 1457 1382 1432 1055 1122 1502 1130 1187 1117 942 593 1153 961 831 908 1241 1341 1144 1091 1319 857 896 1258 1642 1248 1347 1400 1273 1515 1435 1688 1355 1434 1035 1366 1074 469 1144 1150 1053 1053 411 348 475 484 982 1603 736 1674 1466 1525 1644 1940 1569 1702 1857 1336 1527 1912 1659 1735 1675 1316 1516 1268 785 738 742 683 688 786
930 778 691 726 833 1179 1096 1355 887 997 1315 1084 1053 919 872 1091 1089 1339 1145 1330 1515 1400 1515 1063 1295 669 1275 971 848 765 988 1243 1605 1107 1473 1094 873 1041 1129 1105 1132 1082 1188 1230 1372 869 897 734 796 807 1380 1030 1168 1452 1575 1651 626 990 1582 1360 1089 1629 1011 1396 1835 2039 1600 1533 1457 1814 2167 1877 1861 1777 1610 823 810 781 700 688 692 694 688 716 885 933
1217 816 579 1035 766 867 889 1255 1182 1530 1401 1385 1130 1244 555 1155 1172 1497 1650 863 1468 1480 1545 1545 1075 1246 1660 1350 1375 1442 932 794 983 1048 1036 1157 1134 1263 1112 919 896 855 721 864 1201 716 1000 1400 1260 1533 1607 850 1242 1488 1611 1534 826 1665 1373 1718 1042 1778 1459 1663 1809 2004 2211 2178 1835 2011 1860 1454 1433 1570 933 733 714 703 704 721 748 783 946 998 1177 1502
1127 903 656 1083 1333 960 1329 1017 923 1131 1641 1613 1236 1000 1525 650 804 1260 1373 1372 1355 1702 1490 1062 864 1494 1799 1220 1134 1799 1391 1125 1125 1128 1312 1413 1531 1382 1154 1631 1452 1340 1018 1187 1256 1084 1106 1359 991 1152 1305 1479 1676 1435 1435 1422 1573 1660 1411 1381 1861 1751 1965 1993 2169 1925 2339 2570 2328 2147 1858 2192 1891 911 782 779 722 723 733 837 835 913 1161 1528 1515 1126
1043 867 980 977 664 909 997 898 1248 1474 1521 1479 1608 1468 1556 1612 1054 1449 1132 1286 1559 1638 1834 1203 1665 865 1341 1665 1683 1417 1423 1113 1201 1069 1166 1460 1550 1677 1477 1435 1438 1794 1142 1024 1545 736 1354 990 1142 1187 1590 1493 1298 1854 1256 1767 1671 1804 1897 2061 1962 1756 2024 1391 1414 1343 1581 1697 2081 2186 2026 1277 950 806 745 730 784 877 1275 1070 1433 1357 1281 1485 2027 1765
1509 1452 1135 703 1009 1419 1427 1128 1353 1237 1080 1504 1636 1238 1411 1511 1440 1564 1356 1644 1799 1728 1681 1751 1672 1402 1868 1950 1671 1316 1224 1303 1120 1275 1553 1489 1055 1285 1010 1291 884 1389 1501 556 754 984 1443 1235 1114 1051 987 1391 1497 1391 1274 1024 996 1451 1597 1699 2123 1733 1770 1724 1453 2201 2191 1998 1546 991 892 826 766 770 1023 1057 951 1534 1377 1607 1370 1769 1369 1213 1615 1775
1348 1222 831 803 779 886 1074 1225 1109 1691 1608 1532 1672 1636 1560 999 1647 1451 1364 1675 1732 1205 1269 1736 1824 1983 1530 1676 1364 1387 1438 1440 1283 912 930 1385 810 789 1077 718 487 472 477 459 462 464 465 616 779 845 918 905 1080 1141 848 1513 1612 1633 1573 1997 1741 1695 1844 1648 1424 1122 1403 1401 1105 1082 1022 932 1067 1133 958 1150 1043 1057 1220 1892 1805 1814 1870 2077 1608 1560
992 1251 1276 863 1200 1252 855 835 671 859 664 694 1456 991 1823 1637 1712 1658 769 1211 1708 1765 1843 1986 1676 1478 1848 1699 1310 837 1450 1019 1437 1128 889 816 970 976 1208 512 759 548 611 594 651 580 486 607 577 944 758 596 608 721 1009 1008 1206 1257 1137 1330 1232 943 1112 1323 2012 1796 1501 1380 1303 1077 1313 1047 1009 1162 1234 998 1554 1642 1673 1901 1587 1844 1588 1605 1730 1628
1321 1389 969 793 695 594 577 937 1162 1380 1580 1105 1181 792 1116 1320 673 1263 1445 1713 1733 1706 1906 1901 2141 1865 1058 1092 1182 985 1051 935 735 650 578 547 1041 563 507 620 573 558 551 472 480 491 467 470 512 577 480 488 519 701 628 579 807 1578 1611 1772 1452 1617 1391 1165 1249 1425 1013 1235 1363 1443 1733 1262 1693 1928 1688 1160 1605 1616 2125 2104 1956 1730 1814 1550 1345 1768
622 704 517 553 552 537 571 873 703 950 1208 1414 1117 636 859 899 780 1167 1716 1450 1693 1743 1781 1618 1508 1780 968 721 654 707 711 600 525 515 583 702 615 524 633 609 558 493 547 522 492 472 471 472 474 489 527 505 497 496 575 1047 721 618 586 602 580 602 635 678 786 1335 1674 1624 2053 1858 1662 2166 1571 1407 1797 1701 1667 1698 1662 1477 1829 2030 2045 1427 1389 1735
493 502 509 504 514 515 520 581 595 607 617 611 1262 1470 1747 1487 1368 1685 1240 1824 1592 1450 1652 1407 1274 626 594 654 1239 1317 1167 536 550 918 1595 1071 618 531 542 509 510 598 610 544 615 478 478 480 485 482 719 1426 1182 1127 1005 569 729 724 1616 1187 1206 1000 1056 1707 1622 1052 1705 1342 1038 1056 1138 1265 1518 1726 1871 2024 1925 1677 1313 1638 1601 1713 1565 1732 1447 1454
519 547 544 556 581 608 524 533 686 1133 1042 1510 1675 1623 1382 1249 1698 1859 1452 1350 894 693 674 851 1203 1255 1702 1467 1255 849 547 536 1095 1793 1515 796 603 594 1200 1536 1521 1401 1053 1154 1025 890 1131 727 1079 1360 1268 811 734 834 902 880 876 853 795 976 1279 1814 1389 1910 1875 1966 1435 1885 1897 1909 1896 1844 1387 1724 1478 1825 1611 1395 1387 1759 1473 1485 1473 1568 1490 1426
550 538 560 596 568 652 873 991 1078 963 1114 1245 1402 1518 1424 1417 1359 1159 1422 1675 1774 1355 1854 1732 1828 1604 965 938 769 827 602 1027 1769 1297 1474 967 886 1316 992 1581 1359 1466 1662 1263 951 1409 1381 552 1932 1030 1058 1218 1008 1109 1009 737 774 931 1458 1911 1997 1694 1786 1956 2003 1642 1672 1339 1548 1215 1241 1467 1789 1434 1632 1536 1376 1161 1357 1417 1519 1273 1402 1117 1248 1133
555 736 806 1241 1194 1656 1724 1319 1447 1312 1204 1137 1671 1516 1648 1432 1590 1751 1809 1876 2034 1399 1187 883 694 813 1305 1071 773 1227 1635 2032 2204 1927 1561 1663 1831 1744 1468 1206 1054 1194 1428 976 1134 902 1257 552 1372 1296 1210 1115 1242 1034 750 742 961 1175 1408 1570 1912 1860 1752 1760 1829 1606 1287 1477 1362 1579 930 1262 1522 1461 1063 1010 977 1161 1049 1126 1088 1248 1302 1381 1153 1318
915 975 1364 920 1190 917 1385 1580 1557 1627 1747 1732 1716 1924 1763 2008 1851 1754 1487 1338 1063 765 706 1079 1730 1993 1687 1624 898 1823 1977 2126 2022 1527 1380 1258 1530 1791 1541 1644 1060 1284 1135 840 1236 1251 1101 1207 712 905 806 686 863 1524 750 882 1564 997 1552 1607 1295 1638 1617 1394 1403 1006 945 800 778 825 903 964 1076 1353 1464 1443 1460 1656 1336 1749 1381 1849 1455 1337 1618 1229
1175 706 756 892 846 1393 1809 1925 1901 1996 2034 1804 1959 1993 1351 1298 1087 798 727 728 804 994 1390 2050 2071 2166 1787 1814 1805 1945 2033 1535 2078 1997 1659 1747 1328 1560 1872 1137 1162 1079 1092 819 937 798 703 721 744 613 645 822 812 869 1221 1541 1626 1507 1307 1446 1239 1385 995 952 793 734 811 1172 1120 1197 1242 1454 1530 1664 1624 1558 1955 1837 1936 1834 1635 1595 1387 1380 1810 1453
1236 1128 727 810 1132 1418 1818 1560 1209 1449 1618 1706 1099 916 780 770 783 802 922 1496 1923 2044 1852 1896 1775 1697 1890 1802 2105 2231 2130 1903 1900 1821 1623 1362 1074 1317 1223 1107 872 1140 1123 1285 1083 850 600 545 532 612 767 929 597 1027 1481 1843 1291 1420 1429 1241 1125 937 862 780 979 1280 1006 1395 1454 1541 1442 1431 1298 1311 1504 1414 1350 1501 1439 1525 1377 1413 1365 1564 1502 1382
1306 1380 930 1136 819 1567 1725 1427 1448 1038 843 814 794 828 926 962 1415 1824 1587 1815 1564 1531 1621 1590 1410 1461 1809 2207 1648 1628 1918 1268 1348 1164 1162 1044 1036 1318 1064 1318 1575 1172 995 933 976 683 635 663 543 688 603 563 695 1333 1527 1477 1219 1220 1243 1180 906 897 769 844 1205 1319 1412 1492 1467 1339 1206 1273 1184 1064 1312 1278 1297 1304 1488 1421 1305 1355 1289 1450 1241 1275
1163 1313 1657 1506 1051 990 1349 1644 1544 1152 1237 1000 1528 1816 1883 1828 1421 2151 1444 1350 1202 1366 1158 1248 1324 1382 1508 1254 1584 1233 1077 1052 1061 1164 1355 1831 2028 1429 1024 816 1071 964 943 1078 951 756 917 857 579 547 716 1068 1263 1132 895 1231 1190 1008 754 1156 759 947 1088 1240 1269 1250 1295 1479 1322 1299 1123 1096 1036 974 1074 956 1016 1058 1179 1167 1097 1187 1055 1255 1056 1043
1203 1391 1655 1197 1674 972 1318 1358 1737 1895 1988 1421 1410 1632 1939 2323 1683 1676 1506 1110 1308 1187 1073 1074 1219 1056 1053 1060 1055 1222 1563 1445 1091 1539 1684 1481 1703 1467 1483 1372 1396 1235 939 1461 1199 1112 986 725 547 911 1102 1148 1166 1229 996 931 1026 702 983 1137 1026 944 986 1341 1449 1596 1355 1336 1450 1222 1275 1268 1042 1243 987 976 1055 1032 1018 927 964 985 930 983 1169 1085
1175 1492 1344 2104 1251 1400 1864 1234 1846 1657 1914 1433 1487 1971 1577 1443 1394 1417 1151 1072 1175 1058 1054 1055 1261 1082 1057 1281 1670 1405 1489 1133 1275 1269 1408 1983 1893 1697 1189 1878 1490 1295 1028 1237 1213 1097 1093 786 840 721 998 957 901 878 782 815 898 921 925 1091 1196 1114 1128 890 1105 1187 945 925 1117 1036 935 1119 1101 1108 814 948 1138 898 1058 1137 1010 1038 1110 1120 1281 1173
1417 1717 1700 1952 1766 1394 1529 1956 1748 1273 1521 1565 1558 1796 1388 1413 1221 1097 1299 1061 1050 1052 1054 1065 1058 1173 1347 1393 1487 1139 1183 1083 1231 1405 1967 1800 1687 2159 1851 1854 1136 1282 1471 1299 1257 1079 863 949 727 1001 1022 683 826 756 862 741 764 912 1053 1077 871 852 879 955 1019 1054 1023 890 838 784 791 766 838 802 974 1026 1029 1100 922 1245 1200 1020 1099 998 938 1010
1652 1983 1651 1543 1452 1298 1748 1639 1627 1555 1419 1370 1247 1217 1131 1058 1071 1058 1128 1061 1059 1055 1081 1109 1212 1438 1251 1404 1436 1244 1296 1181 1151 1163 1242 1448 1683 1895 1689 1700 1719 1523 1514 1119 1312 1152 1151 968 710 681 865 956 856 909 754 628 982 813 989 861 923 699 785 881 757 697 683 792 846 954 1099 1007 1466 1161 1070 1133 1102 1076 1151 1057 1246 1098 881 782 1137 794
1782 1852 1650 1480 1436 1140 1261 1481 1196 1084 1080 1069 1076 1052 1052 1059 1063 1064 1075 1083 1076 1206 1255 1604 1565 1645 1714 1687 1712 1827 1391 1245 1121 1379 1002 947 1146 1558 1377 1436 1447 1355 1225 907 1073 771 703 651 776 874 699 913 1107 867 748 811 811 701 819 721 714 770 748 845 829 741 855 881 1001 1143 1024 1094 923 866 914 966 1084 1077 974 1012 1162 977 996 840 740 912
2069 1607 2057 1375 1472 1366 1253 1078 1123 1180 1095 1289 2148 1235 1458 1174 1134 1069 1160 1171 1155 1184 1512 2064 1519 1557 1592 1715 1708 1505 1160 1306 1648 1218 1385 1057 932 1011 1137 1123 1038 948 1082 736 855 792 721 777 868 857 863 935 872 890 892 839 934 826 771 634 792 837 941 860 863 795 912 774 747 871 816 885 790 850 905 951 1221 1254 1202 945 983 1215 915 849 817 1003
2222 1898 1314 1605 1912 1467 1104 1105 1184 1155 1868 1627 1288 1335 1259 1271 1346 1182 1159 1412 1454 1721 1634 1572 1439 1457 1359 1387 1297 1453 1182 1052 1022 1002 821 816 1048 746 843 1091 951 863 869 842 708 850 861 755 720 763 792 785 994 905 933 954 1017 890 703 643 761 884 798 952 1033 926 888 889 854 758 806 786 933 960 1104 1117 1086 989 1017 845 1042 998 873 754 848 965
1828 1631 1457 1225 1195 1259 1341 1304 1479 1459 1386 1327 1203 1173 1233 1244 1468 1323 1116 1379 1387 1233 1250 1274 1214 1200 1223 1227 1371 1354 1306 1506 1471 1296 1257 1266 924 841 761 691 766 761 885 730 1015 871 722 788 867 734 879 783 732 758 895 1089 943 848 882 844 643 734 753 899 837 918 1112 966 931 916 1004 818 987 1017 1274 1166 1133 1126 906 1075 985 818 830 871 1051 1410
