Challenge_3/RasterMaps/Asia.asc
NCOLS        1093
NROWS        707
XLLCENTER    61.691666666667 
YLLCENTER    2.458333333333
CELLSIZE     0.0833333333334
NODATA_VALUE -9999
[rows 195 to 233 of 707, columns 774 to 859 of 1093]
147 155 209 182 176 192 172 163 184 164 164 178 168 172 180 214 299 231 200 273 228 238 235 301 331 343 270 300 262 334 259 398 401 410 609 706 630 457 453 441 491 527 301 315 524 470 470 396 457 505 482 410 461 276 274 307 497 506 480 288 222 416 370 310 274 365 358 273 202 133 64 64 64 64 64 64 64 64 64 64 68 67 68 67 69 71
170 208 195 169 213 159 159 182 168 188 167 189 194 189 192 185 181 187 208 204 226 229 245 255 388 235 251 297 302 325 377 385 446 645 897 911 861 712 797 623 472 230 386 346 335 358 365 378 449 423 329 409 252 378 413 627 590 540 440 407 297 362 364 280 244 203 169 136 427 126 72 64 64 64 64 64 64 64 64 64 67 67 68 68 70 84
175 209 183 201 188 160 167 188 185 182 177 175 199 204 194 202 189 205 198 226 454 247 274 351 370 364 298 296 300 301 301 337 449 444 978 701 549 640 418 521 409 261 396 345 367 313 346 408 432 404 480 295 266 305 329 527 578 570 596 584 497 512 404 358 290 153 195 251 108 85 75 67 64 64 64 64 64 64 64 68 68 70 72 72 82 119
189 219 225 190 202 187 174 194 203 195 196 180 209 263 241 220 202 208 224 242 358 296 321 300 350 335 316 411 327 546 414 755 757 689 540 751 671 623 651 574 467 300 308 269 323 371 428 465 474 578 483 460 411 453 349 521 645 809 664 551 529 323 372 476 282 201 342 264 227 130 74 64 64 64 64 64 64 64 67 69 70 72 104 99 155 168
190 222 190 204 211 186 183 203 194 213 212 199 188 209 211 236 232 229 241 225 255 257 343 494 403 1035 487 727 438 420 663 640 744 657 468 483 603 669 619 537 401 332 361 302 318 442 406 593 593 534 445 309 542 537 555 671 713 844 821 743 438 359 238 317 462 318 175 310 199 132 102 64 64 64 64 64 64 64 67 85 74 98 158 117 219 217
157 156 177 182 207 195 184 193 199 205 219 221 203 220 208 242 285 250 243 234 250 270 331 716 460 571 783 1021 777 692 962 635 616 519 342 627 581 386 405 408 461 408 292 421 491 393 545 661 487 496 372 338 424 468 658 704 929 713 664 620 567 408 468 458 289 262 172 227 145 84 84 69 66 64 64 64 64 66 68 94 82 117 138 169 256 176
159 161 160 165 199 179 191 205 193 220 235 205 218 237 244 227 233 292 255 238 265 399 437 468 663 780 862 1028 710 640 653 563 626 439 448 404 498 286 265 300 334 236 265 387 412 483 638 532 488 435 386 456 566 516 607 609 705 558 504 544 523 504 375 251 209 148 148 97 88 81 74 72 70 64 64 65 66 67 89 95 113 135 188 182 282 272
184 187 183 162 195 185 206 226 218 233 220 241 218 267 311 323 270 304 316 289 262 662 517 954 1134 1167 1308 1210 1006 1040 786 474 448 449 344 326 326 307 330 315 278 285 289 401 574 631 645 582 470 508 477 616 496 532 511 463 458 480 481 682 542 442 415 318 186 122 106 93 86 83 83 73 74 68 67 67 67 84 94 118 123 125 168 401 324 586
345 290 172 163 169 204 196 217 246 235 304 296 247 268 262 580 346 265 430 409 496 532 827 722 1302 1107 1055 1099 746 539 637 714 450 467 344 289 385 451 416 256 348 305 530 578 732 759 634 560 593 407 507 695 741 723 546 494 334 443 639 543 519 243 179 155 150 242 145 132 126 151 160 102 89 72 70 69 68 74 99 210 127 270 652 402 603 622
210 194 177 166 167 198 214 234 259 268 322 329 453 260 302 609 492 567 346 316 426 392 1031 1010 919 937 844 923 680 895 724 485 439 346 333 311 297 324 333 253 288 419 563 710 995 793 678 683 602 487 466 569 587 495 731 323 549 654 479 506 628 342 215 162 192 162 147 201 148 154 142 103 85 74 71 71 84 88 129 155 509 335 249 188 211 200
250 263 225 170 209 232 244 305 332 439 287 330 342 336 288 418 754 581 733 460 585 528 1015 1212 1242 1099 1069 1058 827 746 625 532 385 346 364 333 339 258 284 272 344 541 667 740 796 728 647 772 666 485 518 502 636 471 357 298 417 440 652 502 636 362 321 354 295 206 192 172 119 165 185 119 88 80 73 106 208 323 173 590 218 251 270 206 137 134
294 263 228 172 174 259 297 293 314 353 336 320 325 419 376 345 501 443 733 415 491 1043 946 1421 960 1159 1183 1084 865 731 508 447 410 326 290 281 293 356 358 285 446 563 590 540 731 719 752 685 522 568 595 838 767 577 354 481 533 441 778 622 698 254 318 261 236 133 140 119 103 106 227 158 111 103 76 103 155 389 149 180 204 234 162 185 146 177
242 195 175 174 174 242 245 237 258 299 492 512 506 410 580 612 417 484 636 576 688 904 1075 1271 1107 1019 824 721 777 604 455 427 374 329 304 294 285 388 423 451 347 472 361 473 598 543 726 633 603 652 798 747 634 556 819 262 403 220 183 137 244 227 84 149 127 97 96 116 106 102 100 107 88 78 90 88 108 124 264 305 243 212 219 187 157 351
189 182 179 179 193 221 219 253 315 332 343 456 532 536 646 631 503 593 447 954 602 648 572 923 943 1016 880 560 444 600 496 531 644 670 415 417 336 610 557 604 845 466 684 620 705 615 731 609 603 713 707 627 823 627 441 305 193 355 307 257 180 134 152 99 136 77 66 69 53 47 84 117 105 127 363 109 110 167 252 505 442 335 337 205 432 593
202 196 211 226 184 209 252 262 340 290 388 446 390 347 330 358 397 349 432 638 509 532 580 838 857 609 605 507 753 626 469 492 555 451 567 659 453 506 697 816 712 527 672 721 477 577 794 735 728 591 809 556 675 649 486 370 491 367 267 260 220 204 239 175 143 45 37 34 41 36 30 67 98 122 132 168 160 302 282 300 324 277 229 538 494 493
216 280 290 256 197 246 394 319 416 585 830 885 456 349 357 367 308 375 461 586 753 477 419 452 509 463 423 454 398 547 524 437 344 512 801 706 658 705 691 719 705 753 666 610 534 569 739 742 660 454 674 554 650 371 411 661 488 403 489 523 255 329 197 203 135 52 50 98 22 23 136 113 118 152 246 259 499 234 500 385 452 374 345 357 439 523
318 312 564 223 252 224 315 325 286 399 408 541 671 312 286 297 401 616 407 498 604 466 466 396 442 394 363 379 405 419 360 421 387 447 433 501 817 507 666 509 639 695 544 373 506 747 666 655 649 508 388 455 348 649 426 418 483 550 518 539 492 335 416 223 186 112 103 94 17 20 22 84 191 195 280 447 405 357 490 446 485 423 485 542 351 633
430 423 267 361 291 690 284 250 307 325 455 826 369 259 311 365 600 560 499 497 484 460 570 518 396 392 419 430 389 494 537 563 591 537 755 755 824 526 621 468 450 475 427 512 472 512 549 699 721 497 728 741 571 620 487 744 475 551 621 594 572 559 507 313 249 214 192 128 98 25 140 87 321 223 271 408 374 312 519 656 692 609 461 634 757 756
308 312 367 271 465 518 272 436 495 278 539 483 281 436 386 340 364 500 691 531 636 541 496 468 426 416 459 433 525 724 616 694 1012 900 989 927 1037 912 617 661 598 308 635 734 519 791 643 737 690 709 544 627 588 658 727 542 693 755 737 690 510 656 525 466 370 219 220 157 15 15 117 104 298 275 457 285 154 489 571 845 730 684 407 739 781 591
353 345 451 339 380 499 663 492 329 531 642 317 244 290 408 420 701 1054 858 892 792 653 555 536 471 487 487 478 571 831 984 1031 934 750 824 887 566 755 399 422 445 514 362 424 404 705 797 761 738 817 569 595 813 708 711 773 719 768 787 683 605 638 655 555 310 307 188 75 -1 31 127 226 202 204 174 79 333 563 667 762 693 533 488 699 826 383
470 526 444 512 491 594 828 524 359 291 363 281 294 321 465 592 495 487 1016 908 791 681 682 615 572 520 524 494 670 675 582 558 599 697 637 768 845 828 496 338 271 341 399 595 462 709 561 719 844 803 736 647 836 940 951 878 869 760 681 586 670 674 354 315 211 135 16 -1 9 77 180 22 6 5 150 253 279 275 593 653 705 770 594 534 430 591
414 570 456 549 522 468 585 467 377 350 529 322 358 422 320 380 556 1162 981 872 911 817 608 553 507 553 543 528 561 546 545 612 804 582 825 653 684 802 673 599 377 244 367 302 572 682 663 775 807 854 802 727 706 768 722 902 483 626 625 321 525 468 316 173 368 261 219 -1 33 7 15 39 162 34 73 143 201 142 161 324 352 535 246 385 364 352
413 485 453 373 393 384 367 379 357 283 287 286 337 423 550 550 745 691 935 1012 789 598 558 527 535 598 574 566 554 624 540 521 621 518 571 570 637 759 588 366 255 172 579 283 321 568 710 528 663 837 693 979 829 758 733 632 710 427 345 261 262 299 132 357 141 295 25 -7 -10 -8 29 60 236 -10 48 35 106 342 424 887 475 360 386 226 352 146
484 519 568 659 396 353 306 336 457 439 332 442 358 425 631 740 786 807 854 686 651 607 629 622 621 693 627 678 612 652 578 466 584 409 697 575 592 677 424 521 386 293 222 218 352 547 841 752 484 708 392 635 684 1240 709 1033 791 518 336 318 686 400 312 128 75 68 -1 -10 -12 94 184 -13 -25 -21 29 32 155 182 193 289 371 405 342 188 184 190
472 420 357 430 409 576 485 292 350 355 353 414 657 667 513 825 896 684 660 747 706 785 695 907 831 806 711 720 733 731 507 548 411 381 506 484 624 641 510 487 236 432 430 181 304 237 553 619 280 277 357 515 700 704 596 664 462 216 493 329 248 132 40 158 401 0 -20 -8 0 76 -31 -35 -27 -9 99 158 129 444 875 1054 291 779 394 142 73 262
339 376 387 310 327 311 336 265 306 322 280 478 364 467 518 701 836 766 599 590 783 847 738 785 711 637 670 700 634 731 615 495 594 473 379 418 573 385 532 398 307 197 188 102 392 78 184 139 202 341 343 209 198 422 141 479 463 243 277 259 292 59 77 2 -1 -23 -21 1 97 -20 -50 -44 -37 -22 99 239 528 262 333 127 103 128 188 25 221 654
432 332 393 356 299 358 317 307 308 433 401 418 338 463 406 583 787 689 873 674 609 593 590 644 582 671 574 683 610 659 712 783 904 725 418 262 370 298 204 248 205 197 361 217 158 155 142 95 109 155 99 57 183 173 229 199 231 369 361 326 89 73 16 -2 -22 -22 -11 -21 -37 -60 -52 -56 -59 -16 39 -6 76 189 5 35 192 94 22 58 173 464
345 334 340 290 300 373 370 382 427 484 498 514 357 385 554 536 869 706 479 591 602 673 601 613 644 634 661 796 695 699 931 791 715 570 557 329 289 285 287 318 207 349 580 229 369 537 366 185 38 32 38 75 371 302 605 378 263 232 306 145 64 27 1 15 -45 -1 -39 -63 -61 -65 -72 -68 -71 -67 -19 -2 -22 -9 -22 22 46 -2 24 569 562 422
290 314 319 329 341 513 512 580 540 614 646 511 396 497 557 605 641 606 890 579 566 641 643 636 526 580 678 1002 1072 965 933 932 608 732 467 364 304 275 261 322 358 332 303 144 227 410 514 200 48 66 141 119 106 66 67 32 62 33 63 170 149 -7 -2 -10 -49 -65 -71 -60 -40 -64 -68 -75 -67 -31 21 -70 -60 -61 -51 -24 51 -24 -3 34 108 -5
321 327 330 399 486 479 665 897 677 514 454 558 557 523 521 682 609 685 609 1119 693 577 591 536 597 685 707 886 1148 1066 960 917 609 683 492 345 411 545 539 466 395 492 385 195 804 409 447 310 81 47 131 324 35 27 -6 -1 14 14 34 1 148 -4 0 10 -73 -63 -62 -72 -61 -71 -75 -80 -78 -85 -87 -84 -92 -85 -89 -81 -82 -92 -12 -34 -77 -139
361 350 509 462 420 911 778 668 565 660 551 448 554 564 455 601 645 646 835 816 672 598 554 602 582 571 611 672 949 1286 1278 900 920 672 648 514 659 1100 641 785 769 723 745 370 483 364 547 116 348 267 93 50 12 71 12 -1 -2 -5 -5 -8 196 -21 -32 -35 -84 -71 -68 -83 -91 -106 -98 -90 -77 -90 -90 -104 -100 -108 -107 -121 -112 -175 -165 -201 -215 -220
365 368 414 466 613 695 685 641 699 572 568 600 596 615 602 633 703 707 766 768 763 737 699 668 663 633 655 627 764 1025 1292 1301 890 561 651 948 714 718 658 538 1069 662 449 420 324 312 175 277 326 143 79 73 50 10 35 13 -2 -3 -13 -31 -44 -64 -62 -69 -96 -97 -128 -256 -123 -74 -86 -82 -105 -100 -177 -79 -204 -220 -1063 -960 -939 -1892 -2056 -1945 -2294 -1757
365 422 436 557 679 628 610 591 557 550 498 587 670 551 649 712 736 815 846 891 907 819 764 720 729 700 843 639 937 816 1005 1100 844 958 699 984 866 565 519 534 715 394 267 309 380 347 625 476 478 922 644 356 77 12 3 -8 -13 -15 -14 -91 -89 -324 -161 -416 -342 -684 -918 -1172 -1090 -752 -633 -517 -635 -733 -1173 -1605 -814 -1468 -2638 -2849 -2846 -2846 -2919 -2926 -2691 -2669
501 580 619 746 944 719 662 702 636 593 460 539 459 522 658 663 733 842 893 960 1058 901 846 848 791 874 1045 732 855 968 998 845 1000 907 730 631 643 765 819 609 655 566 885 487 740 552 630 692 457 566 8 61 23 19 3 -56 -65 -113 -90 -385 -490 -796 -1360 -1315 -1542 -1897 -2193 -2173 -1747 -1946 -2122 -2287 -2307 -2343 -2355 -2662 -2258 -2709 -2992 -3065 -3033 -3056 -3073 -2959 -2808 -2788
432 475 872 990 945 872 844 763 648 792 614 721 698 739 745 698 749 807 840 989 1065 969 969 995 1005 920 976 1111 907 931 1003 735 1165 955 811 746 541 949 1141 1094 796 818 737 599 499 744 344 193 145 37 3 -39 -4 -49 -152 -466 -393 -753 -995 -1714 -1948 -2099 -2173 -2406 -2600 -2648 -2807 -2869 -2770 -2744 -2833 -2836 -2735 -2738 -2678 -2773 -2966 -2974 -3063 -3133 -3112 -3211 -3185 -3095 -3126 -3185
802 667 717 989 800 873 864 821 754 827 842 880 691 659 673 751 766 808 874 947 1031 1194 1204 1179 1185 1197 1137 1173 914 1176 864 989 745 1012 1049 618 958 1125 753 1230 922 621 405 699 794 340 185 313 3 50 -75 -103 -113 -528 -1366 -1731 -1239 -2119 -2121 -2209 -2508 -2575 -2704 -2753 -2840 -2878 -2899 -2964 -2571 -2575 -3005 -2906 -2784 -2824 -2791 -2831 -3018 -3052 -3209 -3233 -3248 -3246 -3241 -3241 -3284 -3314
626 926 934 767 743 649 742 897 953 924 772 667 742 783 773 790 854 865 905 975 1155 1463 1715 1556 1446 1347 1269 1253 1266 1036 957 1070 1121 655 741 696 1041 999 1078 855 1097 607 224 308 305 319 108 -11 -33 -102 -174 -678 -1226 -1906 -2131 -2369 -2420 -2461 -2347 -2441 -2578 -2776 -2765 -2773 -2908 -2936 -2983 -2834 -1948 -1801 -2937 -3023 -2997 -2901 -2808 -2479 -2204 -2608 -3124 -3307 -3413 -3365 -3346 -3339 -3380 -3378
742 716 714 714 588 638 859 1006 799 817 816 902 849 765 828 893 855 891 943 1052 1191 1686 2359 2189 1855 1564 1335 1260 1166 1123 1116 990 919 784 971 925 913 907 1244 953 1426 849 189 346 87 10 18 -92 -119 -139 -605 -1476 -2308 -2412 -2444 -2541 -2584 -2581 -2628 -2610 -2643 -2683 -2795 -2891 -2976 -3028 -3129 -3073 -2614 -2488 -3079 -3146 -2752 -2640 -2627 -1970 -1484 -2018 -2810 -3346 -3431 -3489 -3426 -3409 -3431 -3476
605 535 568 614 658 645 905 656 904 802 649 969 1138 1080 853 1002 864 856 955 1057 1238 1440 1581 1910 1785 1513 1382 1322 1252 1156 1118 1003 886 1019 817 1117 1532 1219 1742 1236 914 549 325 506 178 10 -100 -117 -196 -669 -941 -1584 -2197 -2520 -2591 -2757 -2933 -2830 -2777 -2834 -2805 -2739 -2782 -2892 -2949 -3041 -3183 -3177 -2997 -2928 -3216 -3182 -2444 -2357 -2636 -2268 -2100 -2434 -3079 -3405 -3480 -3462 -3426 -3363 -3443 -3444
