Challenge_3/RasterMaps/Asia.asc
NCOLS        1093
NROWS        707
XLLCENTER    61.691666666667 
YLLCENTER    2.458333333333
CELLSIZE     0.0833333333334
NODATA_VALUE -9999
[rows 195 to 233 of 707, columns 344 to 429 of 1093]
1234 1150 1146 1250 1401 1671 1856 2215 2590 2336 2116 1738 1430 1122 1643 1801 1704 1663 1589 1622 1754 1772 1945 2178 1928 1721 1624 1576 1664 1775 1859 2092 2229 2116 1875 1831 1888 1982 1933 1907 1919 1912 1975 1880 1888 2055 2174 2092 2074 1318 1087 1122 1210 1402 1537 1914 1878 1972 1847 1718 1647 1594 1517 1509 1600 1514 1398 1214 1143 1158 1198 1210 1189 1152 1166 1234 1352 1511 1570 1795 1999 2093 2377 2399 2594 2725
1121 1105 1031 1042 1081 1167 1235 1274 1294 1272 1536 1556 1301 1092 941 1051 1170 1171 1189 1227 1516 1590 2028 2424 2447 2132 1550 1090 1000 1196 1276 1627 2177 2172 2034 2174 2147 1946 2036 2032 2042 1993 1842 1798 1660 1708 1980 1964 1873 1873 1484 1466 1529 1935 2480 2658 2528 2682 2194 2025 1899 1823 1780 1618 1498 1416 1353 1337 1230 1192 1151 1118 1120 1122 1093 1146 1203 1256 1329 1458 1585 1643 1729 2133 2401 2771
924 930 965 988 938 993 939 929 906 895 940 1147 1161 1048 843 795 991 916 787 769 799 839 892 1048 1165 1129 888 711 594 586 620 796 977 1080 1136 1284 1784 1885 1656 1771 1697 1394 1619 1847 1381 1263 1268 1622 1602 1524 1463 2066 2328 2205 2667 3219 3459 3164 3031 2389 2305 2107 1991 1817 1649 1514 1410 1335 1305 1294 1761 1284 1163 1105 1072 1094 1147 1194 1269 1361 1438 1467 1443 1459 1566 2140
752 801 920 949 958 967 957 870 840 780 762 765 835 883 745 671 667 724 770 777 750 717 670 647 612 556 501 485 473 471 477 530 599 674 770 864 964 1042 1173 1262 1186 1112 1103 1037 978 1041 1012 1023 1147 1236 1298 1427 1645 1767 1902 2160 3296 3500 3436 3256 2715 2529 2443 2069 1798 1652 1499 1408 1397 1498 1437 1385 1276 1206 1160 1146 1168 1202 1226 1274 1372 1385 1351 1332 1388 1440
634 755 775 815 900 951 926 853 757 728 746 763 761 895 1008 944 867 917 952 956 917 880 835 790 683 580 556 559 546 534 535 557 576 580 606 648 686 755 822 839 827 873 894 874 852 873 904 961 1049 1141 1237 1327 1407 1517 1630 1776 2015 2425 3452 3253 2901 2709 2525 2255 1989 1778 1628 1525 1483 1490 1479 1450 1399 1335 1285 1364 1446 1546 1559 1615 1468 1396 1360 1336 1325 1371
591 607 628 680 727 807 862 804 785 785 788 806 820 832 900 1133 1118 1351 1257 1211 1145 1090 1025 1016 880 782 714 691 650 626 614 610 634 639 636 617 608 608 584 623 673 714 732 754 764 808 861 912 1000 1083 1164 1224 1299 1367 1443 1557 1715 1914 2335 2633 2741 2815 2683 2620 2105 1830 1665 1576 1644 1738 1740 1639 1521 1430 1380 1483 1724 1830 1778 1807 1710 1682 1531 1421 1372 1356
679 720 690 768 901 961 944 967 993 989 880 867 875 899 951 1113 1189 1340 1535 1437 1368 1252 1142 1121 1076 1020 935 836 775 735 718 698 689 693 684 670 653 615 599 618 612 619 652 726 719 794 831 908 957 1019 1066 1138 1231 1257 1327 1417 1512 1618 1752 1930 2049 2308 2216 2053 1912 1833 1677 1648 1659 1693 1642 1608 1564 1456 1379 1331 1406 1513 1686 1803 1916 1794 1702 1597 1550 1469
695 740 727 762 789 861 880 919 958 992 980 953 946 974 1000 1046 1123 1338 1372 1415 1345 1236 1217 1181 1175 1143 1028 963 929 888 856 805 772 773 752 718 690 667 640 648 611 589 546 578 622 711 802 884 942 956 972 1039 1097 1147 1208 1292 1360 1421 1530 1633 1730 1801 1846 1813 1847 1847 1771 1722 1671 1631 1666 1551 1490 1437 1381 1340 1317 1360 1429 1567 1761 1872 1889 1783 1693 1598
752 773 790 809 848 878 912 953 947 988 1003 1011 1026 1061 1082 1133 1159 1210 1276 1340 1409 1397 1334 1279 1250 1179 1139 1046 1134 1077 1044 1014 908 866 820 766 747 719 704 688 726 715 633 632 604 648 670 721 766 794 885 980 1069 1080 1079 1125 1188 1241 1287 1368 1459 1560 1612 1643 1675 1738 1783 1784 1709 1699 1666 1563 1496 1437 1384 1338 1360 1323 1314 1351 1417 1544 1638 1797 1905 1769
780 804 830 848 884 909 932 960 978 1002 1017 1048 1089 1137 1171 1223 1261 1329 1559 1461 1450 1501 1493 1418 1334 1249 1165 1145 1166 1142 1118 1073 1032 992 971 882 858 816 794 763 726 715 671 690 656 667 699 746 774 746 790 834 938 987 1045 1008 1068 1077 1130 1180 1307 1383 1443 1488 1550 1632 1677 1733 1742 1778 1711 1594 1559 1482 1417 1394 1390 1392 1341 1291 1260 1281 1325 1374 1476 1613
803 829 852 881 902 926 952 988 1022 1046 1067 1087 1122 1178 1231 1291 1358 1384 1506 1771 1595 1537 1569 1510 1466 1437 1345 1310 1306 1254 1205 1168 1116 1105 1114 1068 987 954 928 861 812 765 723 686 697 740 740 703 671 677 704 758 806 813 842 863 883 903 930 1027 1094 1173 1248 1302 1365 1412 1517 1568 1655 1602 1623 1563 1515 1451 1403 1382 1360 1330 1343 1254 1258 1199 1165 1198 1269 1422
843 856 885 911 940 963 990 1027 1068 1105 1131 1161 1219 1252 1318 1365 1436 1499 1642 1604 1840 1650 1626 1580 1585 1586 1493 1471 1422 1370 1325 1291 1169 1237 1197 1161 1196 1141 1077 1009 935 852 773 705 672 648 544 635 605 618 650 655 657 701 699 710 734 762 773 846 935 993 1050 1084 1166 1237 1325 1419 1451 1429 1401 1356 1313 1283 1274 1241 1240 1232 1223 1221 1197 1214 1227 1266 1262 1269
900 914 934 956 984 1015 1046 1066 1103 1157 1199 1233 1270 1360 1586 1504 1567 1538 1686 1749 1814 1749 1703 1768 1966 1852 1688 1587 1568 1533 1497 1422 1357 1413 1376 1392 1372 1316 1299 1225 1114 1002 897 779 670 607 501 463 442 541 538 552 575 642 613 647 667 656 684 755 798 857 908 977 1015 1107 1183 1186 1200 1222 1200 1209 1185 1196 1181 1174 1192 1222 1247 1269 1179 1184 1200 1191 1215 1213
988 1000 1008 1022 1050 1071 1096 1133 1171 1231 1270 1289 1340 1530 1631 1655 1821 1633 1635 1677 1819 1883 1849 1869 1841 1899 1797 1691 1670 1655 1621 1513 1639 1708 1749 1682 1592 1593 1619 1499 1324 1174 1030 866 748 634 524 455 397 343 314 380 430 508 537 521 589 619 635 687 769 775 800 844 894 951 985 1001 990 1032 1061 1149 1159 1160 1106 1149 1208 1182 1220 1227 1146 1109 1095 1099 1134 1172
1096 1105 1123 1125 1130 1151 1172 1182 1223 1325 1444 1482 1425 1511 1517 1862 1913 1778 1785 1784 1914 1936 1946 1912 1890 1910 1965 1843 1796 1757 1642 1663 1726 1883 2111 2063 2138 2204 2109 2114 1830 1573 1327 1093 935 774 651 543 434 361 318 318 330 328 379 537 489 507 559 621 702 734 759 743 812 817 851 916 908 1020 1112 1187 1113 1081 1082 1098 1125 1180 1175 1194 1153 1084 1062 1083 1136 1133
1251 1270 1271 1268 1259 1254 1267 1309 1298 1365 1470 1637 1550 1557 1720 1705 1839 2258 2204 1976 2045 2122 2086 2120 2000 2032 2135 2071 1928 1765 1655 1691 1761 1859 2050 2460 2797 3043 2985 2905 2790 2472 1663 1443 1230 1023 851 715 579 469 402 381 389 380 387 393 406 431 468 576 512 516 636 537 599 696 717 791 831 887 970 970 962 995 1006 1014 1036 1081 1130 1166 1156 1054 1051 1084 1073 1053
1462 1506 1449 1483 1427 1407 1408 1401 1424 1400 1451 1593 1695 1617 1708 1601 1746 1776 1916 2004 2113 2144 2131 2086 2016 1916 1886 1767 1644 1617 1580 1593 1625 1697 1815 1971 2140 2526 2642 3103 3500 3356 2581 1912 1621 1408 1197 1020 848 685 565 495 530 530 513 490 466 442 418 416 424 497 500 609 724 656 635 730 755 791 861 901 954 996 995 951 954 983 957 973 961 986 967 985 1074 1100
1935 1930 1986 1745 1714 1848 1611 1534 1630 1805 1598 1701 1662 1588 1570 1545 1554 1687 1716 1958 2340 2659 2332 2068 1925 1831 1744 1658 1600 1577 1582 1591 1605 1625 1659 1757 1889 2011 2158 2432 2859 3137 3488 2994 2252 1920 1669 1387 1126 992 842 707 674 703 674 615 559 512 471 425 513 485 469 573 715 821 863 852 879 953 1073 1042 1014 1039 1067 1040 1050 1033 999 986 971 933 925 928 968 919
2137 2794 2436 2340 2436 2196 2003 1800 1878 1828 1958 1883 1856 1460 1187 1159 1249 1594 1508 1974 1969 2257 2085 2162 1957 1860 1790 1770 1758 1678 1696 1766 1745 1736 1732 1734 1754 1809 1946 2068 2362 2704 2596 2808 3133 2542 2267 2095 1874 1670 1251 1018 893 877 815 796 696 616 545 487 431 427 442 519 603 694 751 833 896 960 1007 1119 1208 1218 1165 1153 1162 1136 1143 1048 1066 969 919 902 882 890
3347 3153 3013 3010 2510 2407 2243 2206 2273 2411 1759 1741 1173 938 884 889 889 1058 1266 1614 1743 1856 2388 2410 2283 2729 3211 3038 2884 2600 3160 3520 3239 3087 3242 2843 2166 1907 1890 1909 1983 2077 2317 2210 2177 2363 2527 2135 1929 1843 1595 1596 1239 1140 1037 938 837 753 665 601 532 442 457 570 622 628 715 830 927 1001 1097 1167 1260 1346 1361 1268 1193 1198 1190 1147 1070 1021 967 961 926 902
2217 2650 2759 2807 2319 1893 1727 1762 1437 1494 1590 1326 1000 979 1037 905 1019 1314 1376 1556 1702 1769 1985 2100 1987 2129 2340 2416 2258 2162 2368 2839 3139 3353 2915 3599 3531 2692 2161 1991 2049 2305 2453 2489 2155 1926 1901 2109 2042 1835 1706 1594 1473 1336 1233 1101 1074 926 814 695 598 528 554 486 641 590 663 726 856 974 1112 1230 1496 1473 1529 1456 1330 1293 1244 1208 1142 1107 1059 1016 1068 1121
1873 1939 1905 1798 1702 1425 1375 1310 1282 1365 1516 1498 1344 1264 1248 1124 907 1103 1263 1353 1388 1441 1470 1522 1569 1592 1608 1575 1578 1638 1733 1866 2331 2279 2382 2877 3313 3151 2960 2806 2173 2229 2694 2838 3062 2576 2063 1925 2096 2540 2126 1874 1794 1672 1399 1333 1292 1255 1171 904 723 645 634 582 549 585 677 683 824 1070 1640 1743 1668 1823 2238 2371 1822 1692 1966 1890 1658 1324 1260 1241 1398 1501
1649 1613 1664 1152 1054 1054 1065 1034 1053 1015 1090 1094 1102 1112 1102 1110 828 848 948 1018 1032 1064 1103 1185 1262 1278 1293 1313 1337 1360 1410 1454 1541 1520 1631 1668 1997 1872 1931 2512 2757 2445 2575 2941 2857 2951 3288 2571 2256 2161 2085 1929 1718 1686 1592 1431 1311 1211 996 899 828 756 695 636 598 592 655 837 817 1008 1280 1389 1601 1742 1881 1869 1740 1621 1610 1537 1513 1429 1456 1533 1476 1484
1053 1027 848 787 723 751 775 795 820 792 767 810 874 901 854 752 670 663 730 771 761 797 833 900 1018 1007 1046 1103 1117 1114 1109 1144 1181 1241 1304 1295 1275 1342 1391 1508 1576 1693 1855 1964 2676 3188 3449 3523 3288 2795 2464 2293 1990 1944 1781 1593 1379 1193 1075 1026 967 896 852 789 734 765 915 898 837 939 1081 1235 1392 1530 1644 1705 1681 1600 1571 1586 1570 1504 1452 1492 1527 1519
767 761 665 572 537 559 603 621 653 600 530 546 606 627 633 615 646 538 567 581 566 568 612 663 728 795 851 890 904 895 887 892 945 1004 1040 1039 1062 1070 1110 1199 1294 1562 1828 1743 2077 2684 3476 3911 4215 3941 3479 2980 2608 2341 2264 2059 1650 1452 1299 1238 1158 1301 1185 1012 940 895 1024 945 907 951 1057 1235 1400 1519 1655 1651 1605 1581 1511 1454 1446 1431 1388 1427 1498 1457
551 521 511 495 476 472 506 483 465 495 403 403 440 497 481 493 494 453 381 406 404 425 458 486 544 592 641 632 688 789 703 728 825 851 865 881 882 889 937 1019 1084 1088 1528 1737 1996 2326 2880 3410 3664 4166 4227 3689 3354 2893 2616 2232 1878 1664 1606 1829 1786 1457 1314 1256 1179 1117 1066 1011 1053 1081 1167 1307 1343 1364 1392 1407 1446 1441 1390 1376 1399 1402 1338 1366 1411 1400
472 442 356 346 351 364 408 347 346 358 320 327 348 424 395 361 306 375 294 303 278 346 342 347 391 445 468 454 519 516 572 622 700 741 792 789 795 808 836 886 916 958 1011 1317 1820 2094 2175 2332 2452 2980 3336 2859 2498 2363 2350 2114 1987 1860 1824 1804 1766 1521 1433 1356 1268 1204 1131 1185 1152 1255 1273 1322 1287 1250 1262 1290 1501 1480 1516 1366 1351 1326 1325 1384 1455 1434
492 554 539 309 303 293 264 249 240 278 245 268 281 324 329 313 267 286 292 234 189 197 211 233 262 263 329 333 378 436 486 605 694 711 726 739 752 760 774 800 831 860 900 938 974 1130 1237 1419 1605 1798 1899 1938 1871 1879 1867 1864 1818 1755 1711 1699 1633 1568 1465 1340 1253 1197 1194 1212 1242 1276 1302 1354 1291 1289 1336 1366 1383 1526 1453 1386 1339 1321 1287 1224 1224 1251
586 568 523 292 366 280 247 231 215 188 231 242 294 366 328 391 395 277 236 201 75 109 187 129 163 181 258 295 336 354 415 385 502 679 699 708 710 703 720 754 780 801 825 854 897 961 1051 1176 1343 1480 1556 1611 1676 1669 1680 1698 1662 1622 1569 1523 1486 1445 1380 1305 1316 1309 1255 1328 1317 1331 1363 1397 1453 1411 1413 1280 1298 1228 1225 1221 1298 1344 1278 1219 1173 1161
571 585 507 396 459 528 555 498 284 323 342 388 423 382 404 468 504 460 471 463 283 141 88 91 118 142 179 220 256 366 348 358 401 603 658 664 664 634 683 708 725 744 774 799 828 870 940 1044 1177 1246 1299 1353 1450 1537 1548 1473 1491 1472 1434 1393 1351 1337 1314 1362 1359 1391 1333 1374 1418 1452 1488 1506 1530 1494 1422 1411 1336 1208 1199 1166 1167 1185 1232 1200 1201 1183
566 571 487 522 581 626 681 683 592 583 549 528 493 556 583 510 441 395 447 535 459 306 138 89 112 140 172 203 234 293 356 358 396 428 463 504 536 581 596 632 690 718 730 761 786 809 853 923 997 1063 1127 1169 1218 1267 1258 1296 1319 1327 1298 1248 1236 1252 1314 1343 1379 1394 1355 1405 1446 1511 1538 1553 1595 1546 1511 1478 1402 1300 1334 1308 1247 1227 1253 1246 1216 1213
496 546 589 621 679 713 726 808 813 763 787 754 677 691 676 687 552 571 674 641 545 407 209 105 130 176 197 237 345 460 502 536 595 568 536 521 528 540 569 576 575 658 662 685 712 754 808 860 902 939 975 993 1041 1077 1103 1134 1157 1151 1148 1176 1235 1282 1321 1346 1377 1397 1419 1459 1505 1535 1593 1678 1629 1609 1575 1552 1474 1427 1403 1408 1384 1368 1351 1342 1384 1388
629 658 703 749 777 795 823 866 893 922 922 944 867 828 793 746 751 720 665 762 682 631 472 262 203 253 336 350 511 528 565 559 534 527 597 547 526 560 573 608 660 651 688 696 720 746 771 804 838 867 892 927 960 964 1051 1025 1071 1131 1172 1195 1279 1322 1363 1400 1434 1470 1497 1508 1528 1597 1604 1660 1702 1659 1673 1675 1661 1569 1502 1506 1491 1478 1449 1436 1423 1442
761 801 838 859 880 890 912 920 929 939 1002 1002 1015 954 919 855 845 812 774 805 796 742 609 448 377 396 444 462 464 550 566 427 429 488 508 512 543 564 600 597 601 625 641 664 679 698 730 750 768 809 840 860 919 944 991 1106 1125 1165 1199 1227 1273 1366 1421 1467 1513 1547 1571 1613 1611 1615 1615 1638 1675 1706 1752 1671 1671 1608 1629 1638 1624 1597 1559 1531 1504 1486
907 949 1043 966 933 938 927 992 994 986 982 1041 1030 1032 1032 958 935 916 927 843 837 837 761 645 633 624 613 610 634 641 613 474 586 608 611 612 659 638 604 631 629 660 685 726 748 733 780 781 826 940 972 997 1026 1069 1029 1079 1116 1197 1227 1257 1335 1415 1498 1559 1611 1672 1667 1776 1788 1752 1755 1746 1779 1796 1780 1812 1783 1710 1760 1825 1790 1779 1696 1667 1614 1551
992 1000 1007 1012 1035 1050 1043 1053 1048 1019 1011 1003 1018 1048 1051 1068 1019 1019 979 952 921 906 858 774 776 755 753 739 716 397 623 697 676 641 685 716 751 767 782 795 782 799 804 818 828 824 837 858 908 926 967 999 1042 1135 1163 1143 1195 1261 1334 1400 1485 1564 1613 1673 1742 1770 1844 1861 1855 1857 1860 1910 1968 1891 1889 1882 1831 1809 1855 1973 1989 1944 1843 1730 1650 1561
1016 1069 1096 1119 1127 1127 1131 1114 1099 1052 1015 1031 1041 1042 1085 1108 1077 1065 1022 989 934 930 870 799 780 758 727 715 734 736 736 735 737 716 739 776 775 740 763 833 831 871 908 952 937 926 902 973 994 1010 1070 1072 1104 1122 1166 1213 1260 1340 1423 1554 1634 1692 1774 1807 1885 1922 1992 2043 2052 1996 2250 2215 2193 2059 2002 1917 1886 1807 1777 1780 1821 1803 1810 1714 1605 1534
1128 1150 1173 1250 1244 1222 1203 1194 1156 1113 1081 1050 1064 1048 1096 1102 1093 1115 1068 1048 980 930 886 874 850 848 837 823 820 834 826 829 847 848 812 823 828 847 856 937 916 923 974 981 973 982 1004 1039 1050 1109 1144 1197 1214 1249 1304 1344 1361 1439 1547 1689 1739 1798 1886 1985 2143 2092 2275 2161 2327 2142 2069 2075 2070 2034 2014 1991 1904 1810 1774 1751 1715 1706 1679 1650 1612 1574
1154 1202 1252 1289 1357 1348 1264 1245 1196 1152 1151 1137 1142 1122 1118 1121 1118 1132 1111 1103 1054 1000 1000 939 955 951 946 958 946 925 975 968 970 955 930 947 900 918 947 990 1003 1054 1068 1077 1050 1059 1080 1138 1139 1182 1238 1305 1356 1377 1418 1522 1463 1671 1890 1833 1966 1964 2019 2064 2127 2277 2221 2192 2131 2214 2164 2141 2086 2031 1976 1917 1868 1829 1832 1818 1721 1680 1655 1640 1626 1586
