Challenge_3/RasterMaps/Australia.asc
NCOLS        855
NROWS        579
XLLCENTER    95.441666666667
YLLCENTER    -45.225000000000
CELLSIZE     0.0833333333334
NODATA_VALUE -9999
[rows 156 to 194 of 579, columns 435 to 521 of 855]
-85 -94 -91 -93 -116 -123 -142 -150 -158 -152 -150 -144 -130 -100 -96 -80 -74 -76 -87 -92 -96 -99 -94 -91 -86 -80 -79 -74 -71 -70 -67 -69 -57 -51 -51 -57 -63 -69 -67 -70 -68 -66 -63 -64 -62 -67 -61 -59 -56 -53 -48 -42 -44 -61 -66 -59 -58 -62 -61 -56 -52 -57 -48 -48 -48 -62 -61 -53 -42 -38 -41 -55 -50 -58 -53 -56 -54 -45 -41 -37 -35 -34 -33 -32 -32 -31 -31
-79 -88 -85 -93 -101 -110 -123 -134 -134 -126 -120 -113 -108 -97 -94 -80 -79 -76 -85 -87 -90 -88 -79 -77 -70 -67 -64 -59 -66 -67 -61 -61 -50 -42 -39 -51 -56 -62 -65 -64 -64 -67 -61 -62 -60 -62 -62 -65 -59 -56 -57 -59 -62 -68 -69 -65 -65 -68 -63 -56 -56 -52 -50 -42 -45 -61 -53 -46 -47 -44 -50 -52 -59 -62 -55 -58 -54 -54 -45 -43 -39 -38 -35 -35 -34 -35 -33
-77 -84 -84 -86 -92 -99 -111 -116 -117 -115 -107 -87 -69 -74 -87 -83 -84 -81 -82 -80 -82 -84 -75 -65 -59 -56 -53 -49 -54 -58 -54 -46 -36 -36 -34 -41 -51 -58 -60 -62 -60 -64 -58 -59 -62 -58 -60 -59 -57 -53 -58 -61 -64 -69 -65 -70 -69 -66 -59 -64 -60 -60 -58 -54 -47 -54 -52 -40 -40 -46 -53 -61 -58 -58 -57 -54 -54 -50 -49 -45 -42 -40 -38 -37 -36 -35 -35
-78 -82 -84 -84 -84 -85 -98 -100 -98 -99 -95 -67 -18 -42 -69 -77 -77 -78 -79 -81 -83 -82 -81 -68 -54 -52 -50 -53 -53 -51 -45 -34 -25 -25 -25 -35 -43 -50 -55 -55 -52 -53 -53 -56 -56 -54 -56 -54 -53 -55 -56 -61 -60 -63 -59 -66 -66 -64 -60 -65 -65 -63 -61 -59 -58 -48 -43 -46 -49 -50 -54 -60 -57 -56 -57 -58 -55 -50 -49 -48 -45 -43 -40 -40 -38 -39 -36
-78 -82 -83 -83 -82 -83 -84 -84 -77 -78 -79 -59 -37 -52 -67 -69 -69 -71 -69 -73 -72 -73 -75 -68 -74 -73 -68 -68 -67 -59 -51 -39 -26 -22 -20 -29 -38 -47 -52 -50 -50 -55 -51 -54 -56 -54 -57 -52 -49 -52 -55 -54 -58 -58 -62 -64 -63 -59 -57 -64 -66 -63 -62 -61 -61 -46 -38 -48 -47 -52 -55 -56 -53 -50 -52 -55 -47 -48 -50 -49 -47 -44 -42 -41 -39 -38 -38
-76 -78 -81 -80 -70 -69 -71 -63 -62 -63 -64 -60 -56 -62 -64 -67 -66 -64 -64 -64 -64 -64 -64 -61 -66 -62 -63 -65 -63 -59 -62 -53 -42 -38 -32 -31 -38 -48 -52 -51 -54 -59 -58 -60 -54 -51 -48 -49 -50 -57 -59 -53 -55 -63 -70 -63 -64 -63 -52 -59 -60 -65 -70 -61 -59 -48 -51 -38 -52 -53 -54 -51 -55 -51 -52 -55 -46 -48 -51 -48 -48 -47 -44 -43 -41 -42 -39
-77 -77 -81 -76 -68 -67 -60 -58 -53 -57 -56 -60 -61 -64 -58 -63 -65 -66 -64 -60 -60 -61 -60 -60 -60 -61 -58 -60 -57 -57 -57 -58 -57 -57 -56 -52 -54 -53 -50 -52 -53 -56 -52 -56 -55 -54 -51 -54 -51 -54 -55 -52 -55 -55 -68 -62 -62 -58 -54 -55 -49 -49 -48 -48 -53 -45 -46 -49 -54 -56 -56 -52 -50 -52 -49 -51 -48 -45 -58 -50 -49 -47 -45 -43 -42 -41 -40
-71 -74 -70 -74 -65 -57 -58 -56 -53 -54 -57 -60 -60 -61 -49 -49 -47 -50 -58 -65 -65 -64 -63 -61 -59 -62 -60 -61 -61 -60 -60 -60 -56 -57 -56 -52 -50 -52 -53 -53 -52 -54 -54 -55 -54 -54 -54 -54 -56 -56 -51 -50 -56 -54 -64 -60 -53 -49 -47 -46 -43 -44 -42 -44 -44 -48 -52 -54 -54 -55 -61 -54 -52 -52 -49 -48 -43 -47 -50 -51 -49 -48 -46 -45 -43 -43 -41
-60 -54 -64 -62 -59 -52 -52 -49 -46 -44 -43 -44 -44 -44 -42 -39 -38 -39 -42 -46 -49 -67 -59 -61 -60 -63 -61 -62 -61 -61 -63 -62 -58 -61 -58 -54 -50 -52 -55 -51 -52 -51 -53 -54 -54 -53 -51 -51 -54 -53 -50 -49 -50 -52 -53 -48 -46 -44 -42 -39 -37 -36 -35 -35 -36 -39 -43 -47 -52 -54 -56 -54 -49 -51 -53 -51 -51 -53 -54 -54 -51 -48 -46 -45 -43 -42 -41
-49 -50 -59 -54 -49 -47 -43 -40 -37 -36 -35 -38 -39 -39 -36 -32 -26 -32 -34 -42 -44 -48 -61 -59 -59 -60 -59 -56 -59 -60 -58 -57 -54 -59 -64 -65 -57 -54 -54 -56 -54 -53 -55 -57 -55 -56 -49 -48 -48 -48 -49 -52 -49 -48 -46 -44 -42 -41 -37 -37 -32 -34 -30 -32 -31 -35 -35 -41 -43 -48 -52 -56 -58 -58 -55 -56 -59 -56 -57 -56 -54 -49 -46 -46 -44 -44 -42
-40 -40 -39 -38 -37 -35 -32 -29 -26 -24 -24 -28 -35 -33 -32 -27 -9 -19 -29 -35 -40 -43 -46 -49 -58 -56 -55 -54 -57 -61 -58 -57 -58 -57 -59 -59 -56 -52 -50 -54 -51 -52 -50 -51 -48 -47 -46 -45 -45 -45 -46 -46 -46 -44 -42 -40 -37 -35 -32 -30 -28 -26 -25 -24 -25 -27 -30 -33 -36 -40 -43 -46 -48 -49 -52 -56 -55 -53 -57 -58 -49 -47 -46 -45 -44 -43 -42
-31 -32 -28 -28 -25 -23 -21 -18 -15 -12 -9 -13 -37 -35 -29 -22 -27 -24 -29 -35 -37 -40 -42 -44 -47 -49 -48 -53 -51 -55 -55 -56 -53 -49 -49 -49 -48 -47 -47 -48 -48 -47 -47 -45 -44 -43 -42 -42 -41 -41 -42 -41 -41 -40 -38 -35 -33 -30 -27 -25 -23 -22 -18 -21 -20 -25 -25 -30 -31 -36 -38 -42 -44 -46 -47 -48 -49 -50 -49 -50 -48 -48 -46 -46 -44 -44 -42
-23 -20 -17 -16 -15 -12 -10 -8 -6 -1 -1 -8 -41 -30 -10 -43 -31 -31 -32 -33 -35 -37 -38 -40 -42 -44 -45 -47 -47 -47 -47 -47 -46 -45 -45 -44 -44 -43 -43 -43 -43 -42 -42 -41 -40 -39 -38 -38 -37 -37 -37 -37 -36 -35 -33 -31 -29 -25 -21 -16 -6 -2 -9 -13 -16 -18 -21 -25 -28 -31 -33 -37 -40 -43 -44 -45 -46 -47 -47 -47 -46 -46 -45 -44 -43 -43 -42
-15 -14 -7 -4 -6 -2 -2 -2 -1 -3 30 -5 -33 -26 -19 -44 -32 -40 -35 -33 -33 -34 -34 -36 -37 -39 -40 -41 -42 -42 -42 -43 -42 -41 -41 -39 -40 -38 -39 -37 -38 -37 -37 -36 -35 -36 -34 -34 -33 -32 -32 -32 -31 -32 -29 -29 -25 -23 -14 -8 0 -4 -4 -13 -13 -19 -19 -24 -25 -30 -31 -36 -38 -40 -42 -44 -44 -47 -45 -48 -45 -47 -44 -46 -43 -44 -42
-9 -3 -1 -1 23 -1 27 21 11 -4 6 -1 -11 -7 -27 -36 -32 -47 -37 -32 -30 -29 -29 -30 -31 -33 -34 -35 -36 -37 -37 -37 -37 -37 -36 -36 -35 -35 -34 -34 -33 -33 -32 -31 -31 -30 -30 -29 -29 -28 -28 -27 -26 -26 -25 -24 -21 -15 -8 -2 43 -1 -3 -8 -11 -15 -17 -20 -23 -27 -30 -33 -36 -38 -40 -41 -42 -43 -44 -44 -44 -44 -44 -43 -43 -42 -42
-6 -1 20 26 27 2 15 12 21 46 -1 4 -3 -16 -32 -40 -47 -39 -33 -28 -25 -23 -23 -25 -26 -28 -29 -30 -31 -32 -32 -33 -33 -33 -32 -31 -31 -29 -30 -28 -28 -28 -27 -27 -26 -27 -25 -26 -24 -24 -23 -24 -21 -24 -21 -21 -15 -12 -2 37 -1 -5 -4 -11 -10 -16 -16 -22 -22 -28 -28 -35 -34 -39 -38 -42 -41 -44 -42 -46 -43 -45 -43 -44 -42 -42 -41
-6 -4 -3 -1 50 26 33 55 61 52 26 -9 -6 -1 -2 -5 -27 -29 -26 -21 -17 -15 -16 -18 -20 -22 -23 -25 -26 -27 -28 -28 -29 -29 -28 -28 -27 -26 -25 -24 -23 -23 -22 -22 -22 -21 -21 -21 -20 -19 -18 -17 -16 -15 -14 -12 -9 -4 8 -1 -1 -1 -4 -7 -10 -12 -15 -18 -21 -24 -27 -30 -33 -35 -37 -39 -40 -41 -41 -42 -42 -42 -42 -42 -42 -41 -41
-8 -9 -3 -1 -1 57 27 19 0 3 5 17 -6 6 22 29 -9 -22 -19 -14 -8 -5 -9 -12 -15 -18 -18 -20 -21 -22 -23 -24 -24 -25 -24 -24 -23 -21 -21 -20 -18 -18 -17 -16 -17 -18 -17 -17 -16 -15 -13 -13 -10 -8 -7 -8 -4 -1 0 -4 -1 -5 -4 -9 -9 -16 -14 -20 -19 -25 -26 -32 -31 -37 -36 -40 -39 -42 -40 -42 -41 -41 -41 -41 -41 -42 -41
-10 -8 -6 -7 -22 1 -5 -4 -1 -2 4 7 10 49 26 21 28 -11 -13 -9 -1 -2 -4 -8 -10 -12 -13 -15 -16 -18 -19 -20 -21 -21 -20 -20 -19 -18 -16 -15 -14 -12 -12 -12 -13 -13 -14 -14 -13 -11 -9 -7 -5 -2 -1 -2 2 2 -1 -1 -1 -2 -4 -6 -9 -11 -14 -16 -19 -22 -25 -28 -30 -33 -35 -37 -38 -39 -40 -40 -41 -41 -41 -41 -41 -41 -40
-14 -12 -9 -10 -12 4 -2 -2 -1 -1 -1 10 7 48 24 15 22 -2 -12 -6 0 2 -2 -7 -6 -8 -8 -10 -12 -14 -15 -16 -17 -17 -17 -16 -15 -14 -12 -11 -9 -7 -6 -7 -8 -11 -11 -11 -10 -8 -6 -4 -1 -2 6 12 -1 -3 -1 -3 -1 -3 -3 -10 -8 -14 -13 -19 -18 -24 -24 -31 -29 -33 -35 -39 -37 -38 -39 -38 -40 -39 -40 -40 -40 -43 -40
-16 -13 -10 -9 -7 -4 -3 -2 -1 -1 8 16 26 7 7 12 17 22 -7 -2 -2 -3 -3 -3 -3 -2 -3 -5 -7 -10 -11 -13 -14 -14 -14 -13 -12 -10 -9 -7 -5 -2 -1 -2 -4 -7 -9 -9 -8 -6 -4 7 -1 -1 -1 -1 -1 -1 -1 -1 -1 -1 -3 -5 -8 -10 -12 -15 -18 -20 -23 -26 -29 -31 -34 -36 -37 -38 -38 -39 -39 -40 -40 -40 -40 -40 -40
-16 -13 -11 -9 -7 -6 -4 -5 -2 -3 -1 9 9 20 5 24 46 54 21 24 9 0 10 -3 0 9 15 -2 -5 -6 -8 -10 -11 -11 -11 -10 -8 -7 -6 -5 -3 -1 -1 -1 -3 -6 -8 -8 -7 -7 10 -2 -1 -2 -1 -3 -1 -2 22 -3 -1 -5 -3 -9 -7 -13 -12 -17 -17 -22 -22 -28 -28 -31 -33 -35 -36 -36 -38 -36 -39 -39 -39 -41 -40 -43 -39
-14 -12 -10 -8 -7 -6 -5 -3 -2 -2 -1 -1 3 4 16 28 56 68 40 35 46 41 11 26 44 6 -1 -1 16 -1 -4 -6 -9 -9 -8 -7 -5 -4 -3 -2 -2 -1 -1 -2 -3 -5 -7 -7 -7 -4 23 0 -2 -1 -1 -1 -1 -1 -1 -1 -1 -1 -2 -4 -7 -9 -11 -14 -17 -19 -22 -25 -27 -30 -32 -34 -36 -37 -37 -38 -38 -39 -39 -39 -39 -39 -39
-12 -10 -9 -8 -8 -7 -6 -5 -3 -3 -1 -1 7 15 26 67 95 64 67 30 31 33 45 71 29 7 16 19 17 33 -1 -4 -8 -9 -6 -4 -1 -2 -2 -3 -1 -1 -1 -2 -4 -4 -7 -3 24 35 -2 -4 -3 -3 -1 -1 -1 11 4 -2 -1 -3 -2 -8 -6 -12 -11 -15 -16 -21 -21 -26 -27 -30 -32 -35 -35 -35 -37 -37 -38 -40 -39 -41 -39 -44 -39
-9 -8 -7 -7 -8 -8 -7 -4 -2 -2 -1 1 4 4 9 29 77 41 54 40 24 55 56 52 15 17 24 25 46 55 -2 25 -2 -4 -2 -1 15 12 0 11 -2 -2 -2 -3 -3 -5 -3 8 20 32 -8 -2 -2 -1 28 1 23 41 23 -1 -1 -1 -1 -3 -5 -8 -10 -13 -16 -18 -21 -24 -26 -29 -31 -33 -35 -36 -37 -37 -38 -38 -38 -39 -39 -39 -39
-6 -5 -5 -6 -7 -9 -8 -4 7 -1 3 -1 4 30 63 45 33 38 40 44 58 62 120 41 17 38 69 37 56 52 23 46 39 21 4 3 5 4 6 -4 -3 -5 -3 -3 7 4 27 22 34 -20 -9 -2 18 -1 -1 48 37 49 48 -3 -1 -7 -1 -4 -4 -10 -10 -15 -15 -22 -21 -26 -26 -31 -30 -35 -35 -38 -36 -39 -37 -40 -38 -41 -38 -43 -38
-3 -2 -1 -3 -5 -8 -1 -3 -2 4 21 34 13 4 30 5 15 51 57 70 57 122 129 37 24 95 99 67 5 5 3 52 52 18 6 8 19 18 2 3 -5 -6 -3 14 2 32 50 4 -12 -3 67 0 -1 44 1 16 5 15 41 -1 0 15 -1 -1 -3 -6 -9 -12 -15 -17 -20 -23 -25 -28 -30 -32 -34 -35 -36 -37 -37 -38 -38 -38 -38 -38 -38
2 4 4 4 -1 5 58 4 53 3 8 47 17 17 11 5 8 25 88 97 102 95 137 34 158 146 107 32 39 8 8 4 68 43 63 20 28 21 18 34 4 21 0 18 49 45 45 11 3 5 53 6 1 -1 -1 -2 6 56 86 65 0 44 41 -2 -2 -10 -9 -16 -15 -21 -20 -26 -25 -30 -29 -34 -34 -37 -36 -38 -37 -39 -38 -43 -38 -41 -38
3 4 8 5 5 8 6 6 5 4 40 36 35 20 13 14 50 134 141 100 145 226 174 198 188 132 112 76 57 11 8 6 26 28 77 58 27 61 67 57 5 52 46 11 56 63 52 49 5 87 39 28 -1 -1 -1 -1 38 62 109 61 21 73 16 13 -2 -6 -9 -12 -14 -17 -20 -22 -25 -27 -29 -31 -33 -35 -36 -36 -37 -37 -37 -38 -38 -38 -38
4 12 13 23 46 7 10 7 5 4 26 60 23 7 4 13 152 26 34 101 130 273 226 183 274 179 191 142 41 27 34 17 50 37 45 51 17 79 66 11 5 73 79 75 39 30 55 16 71 91 32 6 -1 5 -1 3 25 60 95 82 15 4 -1 -4 -3 -9 -9 -15 -14 -20 -20 -25 -24 -30 -29 -34 -33 -36 -36 -37 -37 -39 -37 -40 -38 -40 -38
6 35 39 15 9 63 7 11 11 4 19 25 55 27 19 80 14 216 289 159 213 268 203 245 246 260 170 96 80 38 92 38 58 48 76 58 29 25 96 7 8 9 26 85 83 75 73 92 54 65 33 41 12 34 5 23 32 69 60 80 63 -1 -1 -1 -4 -6 -9 -12 -15 -17 -20 -22 -24 -27 -29 -31 -32 -34 -35 -36 -36 -37 -37 -37 -37 -37 -38
14 35 36 30 33 53 12 26 27 3 8 23 30 28 19 45 85 197 27 257 305 299 289 325 308 269 189 199 101 48 133 70 64 82 42 51 54 30 104 7 5 7 14 28 22 55 72 97 85 81 40 42 36 21 9 30 56 76 45 37 1 -2 -1 -4 -4 -10 -10 -15 -15 -20 -20 -25 -24 -29 -28 -33 -32 -36 -35 -37 -36 -37 -37 -38 -37 -39 -37
25 30 51 61 48 44 40 28 33 25 5 13 16 30 31 21 33 124 118 188 105 302 314 345 341 282 241 259 142 113 146 81 113 62 102 52 42 43 27 10 11 13 25 45 71 120 93 143 91 91 75 79 83 41 27 46 52 33 22 9 1 -1 -1 -3 -5 -7 -10 -12 -15 -18 -20 -22 -24 -26 -28 -30 -32 -33 -35 -36 -36 -36 -37 -37 -37 -37 -37
12 40 44 34 33 45 44 35 34 18 5 18 12 14 160 140 137 231 303 302 165 294 346 304 304 276 281 249 163 173 146 166 141 88 100 110 91 63 58 77 72 64 49 101 92 82 88 117 95 74 93 85 66 50 55 65 61 27 2 1 -1 -3 -2 -6 -6 -12 -10 -17 -15 -21 -20 -25 -24 -28 -28 -32 -32 -34 -34 -36 -36 -37 -36 -39 -37 -39 -37
17 57 60 58 33 48 67 49 34 11 7 25 47 20 41 34 315 294 278 242 255 246 290 352 341 321 304 293 215 278 243 222 121 136 92 88 84 103 85 88 41 56 123 67 155 137 99 99 64 67 63 78 77 44 52 32 24 16 -1 7 -1 -1 -2 -4 -6 -8 -10 -13 -15 -18 -20 -22 -24 -26 -28 -30 -31 -33 -34 -35 -36 -36 -36 -37 -37 -37 -37
21 28 72 54 46 56 73 53 32 28 17 27 31 23 36 316 317 348 316 265 204 246 283 354 335 376 301 280 237 280 268 279 176 134 109 98 71 69 93 108 41 76 92 109 161 113 217 60 40 47 45 31 32 32 17 20 37 15 28 11 -1 -4 -2 -6 -6 -11 -11 -15 -16 -21 -21 -25 -24 -29 -28 -32 -31 -34 -34 -36 -36 -37 -36 -40 -37 -40 -37
25 29 51 68 57 80 64 29 20 50 40 28 33 27 201 192 254 279 292 288 295 254 353 367 383 351 359 277 289 315 304 288 228 192 126 81 72 77 62 43 42 71 95 139 138 187 141 62 27 28 33 19 13 18 8 22 13 49 2 -1 -1 -2 -3 -4 -6 -8 -11 -13 -16 -18 -21 -23 -24 -26 -28 -30 -31 -33 -34 -35 -36 -36 -36 -36 -37 -37 -37
28 34 57 66 69 41 28 27 45 56 61 43 23 29 251 161 122 121 272 273 260 327 373 338 365 320 289 285 344 284 266 275 234 151 107 96 80 92 60 43 66 68 105 108 141 191 179 54 20 14 8 10 10 5 15 12 7 43 7 -3 -1 -5 -3 -6 -6 -11 -10 -15 -16 -21 -21 -26 -24 -28 -28 -31 -31 -33 -34 -37 -35 -37 -36 -38 -37 -39 -37
37 134 76 93 84 69 52 88 103 62 80 39 28 249 319 290 301 285 384 271 269 388 336 331 319 287 292 321 255 316 241 229 165 135 117 100 105 77 67 58 59 103 76 129 291 337 219 46 35 41 12 5 29 -1 10 -1 12 16 -1 -1 -1 -2 -3 -4 -6 -8 -10 -13 -15 -18 -21 -23 -24 -26 -28 -29 -31 -32 -34 -35 -35 -36 -36 -36 -37 -37 -37
