Challenge_3/RasterMaps/Australia.asc
NCOLS        855
NROWS        579
XLLCENTER    95.441666666667
YLLCENTER    -45.225000000000
CELLSIZE     0.0833333333334
NODATA_VALUE -9999
[rows 78 to 116 of 579, columns 87 to 173 of 855]
1065 957 1152 454 156 95 99 74 111 86 107 75 53 48 41 60 39 49 36 31 24 20 16 11 15 17 13 16 15 21 10 8 20 26 16 13 9 4 -1 -2 -3 -5 -7 -10 -12 -13 -15 -16 -17 -17 -17 -16 -15 -14 -13 -13 -14 -15 -16 -16 -17 -16 -15 -14 -13 -13 -13 -14 -15 -17 -20 -24 -28 -31 -34 -36 -37 -38 -39 -39 -39 -38 -37 -36 -34 -33 -31
904 847 1064 1098 224 131 86 91 105 105 98 80 62 51 45 72 65 59 45 38 30 40 33 19 25 20 24 16 26 9 5 10 27 28 30 23 5 4 -1 -2 -4 -6 -8 -11 -12 -14 -16 -17 -18 -19 -19 -18 -18 -17 -17 -17 -17 -18 -17 -20 -18 -19 -17 -18 -16 -18 -17 -19 -19 -22 -24 -28 -31 -34 -36 -38 -39 -41 -40 -40 -39 -41 -37 -36 -35 -34 -32
364 473 665 302 310 120 128 137 98 151 128 81 77 79 84 69 79 73 72 44 45 27 29 24 26 33 17 21 21 18 6 8 7 19 18 30 9 23 -1 -2 -3 -6 -8 -10 -12 -14 -16 -18 -20 -21 -21 -21 -20 -20 -20 -20 -19 -19 -19 -20 -20 -20 -19 -19 -20 -20 -21 -22 -23 -25 -28 -31 -35 -38 -40 -40 -41 -42 -42 -41 -40 -39 -38 -37 -36 -34 -34
335 338 256 269 499 797 271 203 169 144 129 80 103 84 97 107 99 76 75 61 35 45 25 34 29 32 19 22 23 20 14 5 4 6 6 15 28 17 9 -1 -3 -7 -8 -10 -13 -15 -17 -19 -21 -23 -23 -23 -22 -22 -24 -23 -22 -21 -21 -22 -22 -23 -22 -23 -22 -23 -24 -25 -27 -28 -31 -32 -38 -41 -43 -42 -43 -43 -44 -43 -41 -40 -39 -37 -36 -35 -34
1195 308 567 527 461 689 1024 1155 1065 472 197 195 272 101 128 125 121 87 96 54 44 41 42 36 35 33 27 25 30 21 13 10 10 5 5 5 5 6 7 0 -3 -6 -8 -11 -13 -15 -17 -19 -22 -24 -24 -24 -24 -24 -25 -24 -23 -23 -23 -23 -23 -24 -24 -24 -25 -26 -26 -28 -29 -31 -34 -37 -40 -43 -44 -44 -44 -44 -44 -43 -42 -40 -39 -38 -37 -36 -35
740 1463 1002 1400 841 1103 765 716 679 390 297 898 646 180 164 139 104 81 57 48 45 49 43 42 61 40 31 46 32 13 12 19 37 11 3 4 3 4 3 -1 -4 -6 -8 -12 -13 -15 -18 -19 -22 -23 -24 -24 -24 -24 -25 -26 -25 -25 -25 -26 -25 -27 -26 -27 -27 -28 -29 -30 -32 -33 -36 -36 -41 -42 -44 -43 -44 -44 -44 -43 -42 -42 -40 -37 -37 -36 -36
331 669 794 1323 1740 2395 946 699 672 598 551 658 556 256 263 165 119 74 57 53 52 56 54 72 45 43 35 48 27 7 22 39 13 6 3 5 3 2 0 -2 -4 -6 -9 -11 -13 -16 -18 -20 -22 -23 -24 -24 -25 -25 -25 -25 -25 -26 -26 -26 -27 -27 -28 -28 -29 -30 -31 -32 -34 -35 -37 -39 -41 -43 -44 -44 -45 -45 -44 -43 -43 -41 -40 -39 -37 -36 -36
123 179 397 1327 732 935 1151 969 862 1441 1413 798 622 500 452 245 89 103 56 78 65 64 76 60 49 52 57 43 19 19 30 25 9 11 4 3 4 1 -1 -4 -5 -7 -9 -12 -14 -17 -18 -20 -22 -24 -24 -24 -25 -25 -25 -25 -26 -27 -27 -28 -28 -28 -29 -30 -31 -31 -33 -34 -35 -36 -39 -39 -42 -44 -44 -46 -45 -46 -44 -44 -43 -42 -41 -38 -38 -36 -36
30 88 133 340 467 959 1668 1802 1712 1527 1289 1418 991 684 1108 499 121 69 74 97 101 80 72 58 75 73 42 31 32 51 43 22 21 6 16 10 3 3 -1 -3 -5 -7 -9 -12 -14 -16 -18 -20 -22 -25 -25 -25 -25 -25 -25 -26 -27 -27 -28 -29 -29 -30 -31 -32 -32 -33 -34 -35 -37 -38 -40 -41 -43 -45 -45 -45 -45 -45 -45 -44 -44 -43 -42 -40 -39 -36 -37
0 20 67 145 324 661 1391 2482 2058 1992 1462 1779 994 796 803 265 187 106 111 113 87 81 72 59 40 49 69 60 45 31 32 24 6 21 7 4 5 3 -1 -4 -5 -8 -10 -12 -14 -16 -18 -20 -22 -24 -25 -25 -25 -25 -26 -27 -27 -28 -29 -29 -31 -31 -32 -33 -34 -35 -36 -36 -38 -39 -41 -42 -43 -47 -45 -47 -46 -47 -45 -45 -45 -44 -43 -41 -41 -36 -39
-25 -4 23 137 128 283 761 873 1133 1865 1984 1689 1067 594 447 603 200 137 169 94 104 86 45 42 46 35 21 30 25 32 43 16 3 6 2 3 5 3 -1 -2 -5 -7 -10 -12 -14 -16 -18 -20 -22 -23 -24 -25 -25 -26 -26 -27 -28 -29 -30 -31 -32 -33 -33 -34 -35 -36 -37 -38 -39 -40 -41 -43 -44 -45 -46 -46 -46 -46 -46 -46 -46 -45 -45 -44 -43 -43 -42
-44 -23 -4 66 52 191 338 376 539 726 1119 1268 1224 595 363 292 248 294 121 125 97 69 89 64 71 55 34 40 40 9 4 5 26 34 31 22 18 19 4 -2 -5 -7 -10 -14 -15 -18 -19 -20 -22 -23 -24 -25 -25 -26 -27 -28 -29 -30 -31 -32 -33 -34 -35 -35 -36 -37 -38 -40 -40 -41 -42 -43 -44 -45 -46 -46 -47 -47 -47 -47 -47 -47 -46 -45 -46 -43 -46
-29 -29 -28 -5 24 133 169 187 257 728 995 1093 676 392 269 209 177 170 145 170 90 74 56 48 78 64 42 22 15 36 22 33 13 29 20 15 13 2 19 -2 -5 -8 -10 -13 -15 -17 -19 -21 -22 -23 -24 -25 -26 -26 -27 -28 -29 -30 -31 -33 -34 -35 -36 -36 -37 -38 -39 -40 -41 -42 -43 -44 -45 -46 -47 -47 -47 -48 -48 -48 -48 -48 -48 -48 -49 -49 -49
-344 -274 -428 -45 -56 -15 61 153 348 658 1170 977 682 564 340 221 203 232 243 231 164 110 98 107 67 36 34 16 33 29 25 14 35 18 7 5 22 3 2 -2 -5 -8 -10 -13 -15 -19 -20 -21 -22 -23 -24 -25 -26 -27 -27 -28 -29 -31 -32 -34 -35 -36 -37 -37 -38 -38 -39 -40 -41 -42 -43 -46 -46 -46 -47 -46 -48 -48 -49 -51 -49 -49 -30 -48 -45 -50 -62
-878 -675 -772 -722 -515 -45 -103 41 98 406 652 1155 1354 463 537 461 384 387 359 254 288 172 140 135 86 50 42 21 33 29 30 27 13 18 25 25 16 22 5 -2 -5 -8 -10 -13 -16 -19 -21 -22 -23 -24 -24 -25 -25 -26 -27 -28 -29 -31 -32 -34 -36 -37 -38 -38 -39 -39 -40 -41 -42 -43 -44 -45 -47 -48 -48 -49 -49 -49 -49 -44 -23 -41 -27 -52 -52 -53 -53
-1247 -1066 -992 -949 -715 -604 -304 -17 49 202 291 740 991 1323 586 685 595 605 677 500 1003 309 168 170 97 60 46 34 38 32 29 30 27 10 20 15 18 33 0 -3 -5 -8 -11 -14 -17 -20 -22 -23 -24 -24 -24 -25 -25 -26 -27 -28 -29 -29 -33 -35 -37 -39 -39 -38 -39 -39 -40 -40 -42 -41 -44 -45 -47 -47 -49 -49 -49 -41 -21 -25 -39 -52 -47 -47 -51 -55 -51
-1492 -1366 -1150 -1087 -815 -845 -620 -267 -25 -6 102 286 568 705 1071 543 835 953 1453 747 1104 485 297 189 113 66 44 59 50 39 37 33 26 25 24 14 28 23 7 -3 -6 -8 -10 -13 -17 -21 -24 -24 -25 -24 -24 -24 -25 -25 -26 -28 -29 -31 -32 -34 -37 -39 -39 -39 -40 -40 -40 -41 -42 -43 -45 -46 -48 -49 -59 -71 -73 -63 -51 -59 -70 -62 -58 -51 -61 -62 -55
-1585 -1490 -1344 -1238 -965 -998 -901 -811 -456 -126 -89 -43 100 392 1328 728 700 1050 1002 944 754 1329 588 613 449 58 78 62 49 46 43 28 33 24 16 35 33 31 4 -3 -6 -8 -10 -13 -17 -21 -25 -24 -25 -24 -24 -24 -24 -26 -26 -26 -28 -30 -32 -35 -36 -36 -39 -38 -40 -39 -41 -41 -42 -45 -45 -46 -47 -52 -49 -58 -81 -96 -115 -106 -96 -97 -74 -52 -61 -63 -49
-1609 -1546 -1525 -1450 -1283 -1213 -1178 -1192 -1070 -707 -588 -153 11 21 458 941 1087 951 781 1054 1090 905 926 838 469 201 98 73 62 54 41 46 38 35 26 37 37 20 -2 -7 -7 -6 -8 -11 -15 -21 -24 -24 -25 -24 -23 -22 -23 -23 -24 -26 -27 -29 -31 -34 -36 -38 -39 -39 -39 -40 -40 -41 -42 -43 -44 -46 -47 -49 -49 -111 -130 -132 -119 -103 -88 -96 -71 -41 -49 -50 -52
-1562 -1635 -1608 -1536 -1546 -1472 -1359 -1416 -1411 -1231 -1133 -851 -515 -36 -7 188 627 791 810 1018 1103 888 1224 739 488 454 224 85 75 58 56 50 43 62 46 36 20 19 -3 -11 -7 -5 -6 -10 -11 -16 -22 -21 -24 -22 -21 -21 -21 -21 -23 -24 -26 -29 -30 -35 -36 -38 -39 -39 -39 -38 -40 -45 -41 -48 -44 -50 -47 -55 -84 -117 -113 -111 -67 -36 -32 -50 -57 -43 -49 -28 -26
-1462 -1559 -1623 -1685 -1732 -1619 -1655 -1705 -1652 -1533 -1474 -1345 -1026 -364 1 48 172 473 1064 330 859 675 1002 569 365 272 335 112 90 90 56 42 46 34 71 75 24 14 -1 -14 -11 -4 -6 -7 -6 -2 -10 -15 -17 -18 -18 -18 -19 -20 -21 -23 -24 -26 -29 -31 -35 -39 -38 -38 -38 -38 -40 -40 -40 -41 -43 -45 -47 -49 -66 -34 -56 -76 -42 -41 -39 -39 -55 -56 -68 -33 -24
-1253 -1592 -1630 -1721 -1847 -1839 -1967 -1904 -1876 -1778 -1541 -1574 -1318 -942 -278 -6 33 263 507 461 454 1057 1130 834 387 256 155 141 124 89 102 72 53 31 23 77 45 6 -14 -22 -19 -14 -10 -9 -4 -4 -5 -10 -12 -15 -15 -17 -17 -19 -19 -22 -23 -25 -27 -30 -32 -34 -35 -36 -36 -36 -37 -40 -39 -44 -42 -46 -46 -48 -49 -48 -68 -85 -53 -67 -60 -59 -54 -68 -61 -65 -59
-1287 -1555 -1751 -1880 -1941 -1970 -2011 -2047 -2015 -1932 -1673 -1688 -1514 -1383 -872 -218 6 49 308 504 231 420 830 802 531 247 154 132 102 138 151 98 78 68 38 60 74 42 -19 -30 -26 -20 -13 -8 -4 -2 -3 -5 -9 -11 -12 -13 -14 -15 -17 -19 -20 -22 -24 -27 -29 -31 -32 -32 -33 -33 -34 -35 -37 -38 -40 -42 -44 -46 -48 -49 -49 -76 -71 -72 -50 -44 -55 -73 -59 -53 -48
-1239 -1478 -1595 -1801 -1955 -2036 -2074 -2118 -2065 -2058 -1905 -1874 -1704 -1695 -1242 -698 -107 3 27 336 542 30 103 355 650 403 256 103 204 455 264 -3 111 86 33 26 48 9 -34 -35 -31 -25 -17 -12 -3 -3 -1 -4 -6 -10 -10 -14 -12 -16 -15 -19 -18 -23 -22 -26 -26 -28 -28 -29 -30 -32 -31 -33 -34 -37 -38 -42 -43 -45 -47 -48 -49 -66 -53 -52 -59 -56 -56 -51 -47 -45 -28
-1059 -1344 -1419 -1644 -1932 -2043 -2111 -2153 -2159 -2164 -2085 -2074 -1924 -1805 -1568 -1101 -518 -244 -18 32 252 481 -1 -28 -12 422 428 388 410 745 386 -12 141 122 39 10 5 6 -30 -35 -33 -27 -20 -12 -6 -2 -1 -2 -7 -7 -8 -9 -10 -11 -12 -14 -16 -17 -19 -21 -22 -24 -25 -25 -26 -27 -28 -29 -31 -33 -36 -39 -42 -45 -47 -48 -49 -42 -60 -102 -79 -62 -53 -40 -48 -62 -42
-1077 -1177 -1250 -1517 -1732 -2026 -2194 -2184 -2193 -2208 -2177 -2179 -2035 -2005 -1838 -1448 -898 -632 -191 -25 38 191 394 -33 -209 -16 291 216 328 55 -3 -7 -22 39 47 20 4 2 -15 -34 -36 -33 -22 -18 -11 -10 -1 -13 -11 -9 -7 -11 -8 -12 -10 -13 -13 -19 -16 -21 -19 -23 -21 -24 -23 -25 -24 -27 -27 -32 -33 -39 -41 -45 -47 -50 -49 -73 -100 -93 -73 -52 -49 -40 -67 -76 -42
-1028 -1319 -1234 -1246 -1403 -1781 -2128 -2210 -2189 -2220 -2218 -2229 -2147 -2159 -2054 -1656 -1280 -895 -492 -165 -13 34 87 211 -365 -271 -85 82 117 730 2 -6 -12 -6 -2 51 43 11 -29 -40 -40 -33 -22 -14 -15 -23 2 -40 -5 -4 -6 -6 -6 -7 -8 -9 -10 -12 -14 -15 -16 -18 -18 -19 -19 -19 -20 -21 -23 -26 -31 -36 -41 -46 -48 -49 -49 -52 -84 -37 -59 -50 -59 -52 -53 -58 -38
-662 -946 -1290 -1254 -1398 -1619 -1863 -2185 -2251 -2217 -2224 -2245 -2242 -2231 -2202 -1949 -1547 -1131 -783 -433 -110 -8 76 128 -172 -6 -76 -335 -49 -1 38 -2 -15 -7 -13 756 96 12 -52 -43 -40 -37 -17 -4 -11 -20 -15 -25 -12 -9 -6 -7 -4 -7 -5 -7 -8 -11 -11 -14 -14 -18 -15 -19 -16 -18 -15 -18 -17 -21 -27 -34 -41 -49 -49 -52 -49 -62 -55 -42 -58 -50 -55 -59 -59 -35 -45
-639 -858 -1425 -1524 -1432 -1567 -1687 -1893 -2077 -2179 -2213 -2231 -2227 -2223 -2263 -2123 -1741 -1266 -1034 -667 -242 -29 -12 64 0 -455 -340 -838 -761 -473 -330 -107 -41 -15 48 -45 -10 34 -28 -11 -11 -31 -10 -2 -6 -12 -19 -1 -10 -9 -6 -3 -2 -2 -3 -4 -5 -7 -8 -10 -11 -12 -12 -13 -12 -12 -11 -9 -9 -15 -24 -31 -39 -45 -48 -49 -49 -64 -50 -44 -58 -52 -59 -50 -53 -53 -30
-1010 -973 -1206 -1538 -1533 -1499 -1690 -1867 -1996 -1966 -2142 -2227 -2226 -2233 -2271 -2096 -1997 -1595 -1281 -826 -504 -125 -19 -7 -20 -661 -411 -932 -940 -895 -570 -90 -38 -22 -28 -37 -38 -15 -1 -13 298 -3 -1 -3 -4 -8 -6 -3 -6 -11 -2 -3 2 -1 -1 -1 -2 -4 -6 -11 -9 -12 -10 -12 -10 -12 -7 -8 -1 -14 -21 -31 -37 -43 -46 -48 -49 -49 -48 -49 -50 -47 -48 -38 -48 -48 -51
-1329 -1401 -1509 -1321 -1322 -1488 -1626 -1884 -2075 -2185 -2176 -2252 -2211 -2204 -2203 -2202 -2228 -2012 -1400 -997 -628 -314 -36 -29 -25 -661 -1076 -826 -927 -939 -732 -100 -33 -13 -35 -48 -44 -22 -5 58 38 2 2 2 3 -1 3 2 1 -3 -1 -1 1 2 2 2 2 -2 -4 -6 -6 -7 -7 -7 -7 -7 -5 -4 -6 -11 -20 -28 -36 -42 -46 -48 -48 -49 -54 -51 -42 -52 -50 -50 -41 -45 -47
-1678 -1582 -1654 -1366 -1029 -1338 -1521 -1713 -2130 -2187 -2195 -2128 -2079 -2128 -2163 -2147 -2164 -2175 -1713 -1271 -874 -478 -47 -67 -40 -490 -1412 -380 -789 -952 -752 -106 1 -1 -30 -46 -44 -28 -1 489 318 52 16 9 8 7 9 9 2 3 1 1 1 2 3 6 3 -1 -2 -4 -4 -5 -4 -7 -5 -7 -4 -6 -6 -13 -19 -29 -36 -44 -47 -45 -47 -48 -49 -49 -49 -49 -49 -40 -45 -46 -44
-2141 -1902 -1653 -1677 -1360 -1037 -1283 -1502 -1918 -2110 -2129 -1865 -1932 -2059 -2111 -2152 -2162 -2201 -2106 -1621 -1077 -711 -310 -40 -16 -669 -1327 -580 -990 -991 -628 -159 -115 -73 -70 -47 -42 -23 99 96 208 125 50 13 17 22 22 19 11 12 12 9 12 9 10 7 3 2 0 -1 -2 -1 -1 -3 -4 -3 -1 -2 -4 -10 -17 -25 -35 -47 -46 -45 -45 -47 -45 -48 -47 -47 -48 -49 -50 -56 -50
-2080 -2268 -1773 -1802 -1541 -1183 -1142 -1278 -1607 -1940 -1851 -1748 -1715 -1857 -1963 -2120 -2157 -2213 -2191 -1891 -1446 -967 -300 -189 -43 -871 -1598 -1257 -1008 -638 -464 -148 -116 -107 -91 -42 -40 -29 323 840 1086 262 84 20 21 37 40 37 35 35 31 29 24 25 13 12 10 8 9 6 3 2 7 4 -2 -2 2 -4 -1 -9 -14 -21 -30 -36 -40 -42 -41 -42 -44 -45 -44 -44 -45 -48 -49 -31 -53
-1935 -2115 -2281 -1766 -1750 -1563 -1242 -1164 -1322 -1443 -1504 -1410 -1595 -1827 -1884 -1977 -2103 -2170 -2145 -2114 -1818 -1239 -220 -264 -262 -850 -1700 -1346 -388 -328 -407 -146 -110 -82 -289 -42 -38 -6 48 201 168 106 30 60 52 55 50 63 69 71 70 61 51 56 31 47 27 24 28 18 9 15 15 14 4 2 1 3 2 -3 -9 -16 -24 -30 -33 -35 -36 -37 -38 -39 -40 -40 -42 -43 -45 -47 -48
-2299 -2139 -2596 -2289 -1831 -1507 -1550 -1376 -1325 -1107 -1148 -1223 -1246 -1596 -1879 -1937 -2052 -2170 -2181 -2218 -2092 -1648 -1200 -958 -594 -928 -1907 -1383 -343 -296 -155 -77 -83 -77 -84 -27 -13 -9 5 14 95 56 73 82 93 81 177 202 108 114 113 95 64 47 63 96 53 69 47 40 46 32 22 21 14 10 4 7 7 3 -3 -10 -18 -22 -26 -31 -30 -31 -33 -35 -35 -36 -37 -39 -42 -44 -46
-2544 -2478 -2129 -2288 -2438 -1533 -1473 -1753 -1591 -1384 -1056 -867 -895 -1203 -1654 -1913 -1920 -2067 -2161 -2189 -2133 -1903 -1380 -1256 -926 -1374 -1850 -1660 -703 -63 -12 -29 -65 -71 -44 -1 24 4 9 31 111 111 116 145 132 259 318 268 137 165 215 233 243 152 146 320 101 92 122 113 96 70 37 38 33 25 21 12 12 4 3 -8 -14 -18 -20 -22 -24 -25 -27 -28 -29 -30 -32 -35 -38 -42 -45
-2768 -2774 -2485 -1802 -2227 -2102 -2080 -1844 -1852 -1795 -1582 -1291 -1004 -1129 -1414 -1750 -1718 -1828 -1867 -2094 -2081 -1951 -1760 -1541 -1355 -1487 -1652 -1677 -1318 -1 18 -24 -23 -34 -22 13 148 47 26 33 108 308 348 366 1011 600 432 442 338 281 344 1018 564 182 356 132 471 212 331 229 254 182 104 68 67 43 36 18 10 4 1 -7 -11 -11 -14 -15 -16 -19 -20 -23 -22 -25 -25 -29 -34 -41 -44
-3034 -2813 -2270 -1993 -2001 -2223 -2503 -2543 -2254 -2010 -1875 -1585 -1359 -1284 -1165 -1564 -1866 -1790 -1809 -1709 -1938 -1908 -1945 -1849 -1705 -1626 -1737 -1709 -1407 -699 -76 -12 38 -13 -1 217 202 88 39 75 208 367 675 865 776 1638 1063 791 1162 669 570 1017 1032 583 360 273 232 623 709 804 564 359 481 293 146 42 27 32 36 19 5 -7 -6 -6 -7 -7 -8 -12 -14 -15 -15 -15 -16 -21 -27 -36 -43
