Challenge_3/RasterMaps/Australia.asc
NCOLS        855
NROWS        579
XLLCENTER    95.441666666667
YLLCENTER    -45.225000000000
CELLSIZE     0.0833333333334
NODATA_VALUE -9999
[rows 117 to 155 of 579, columns 522 to 608 of 855]
8 12 28 9 15 7 25 19 43 47 45 39 23 45 24 12 10 37 61 39 59 62 46 19 17 40 39 44 24 34 31 46 40 30 41 74 51 48 70 83 112 101 94 161 158 257 160 303 345 845 1028 864 707 431 150 115 194 490 861 940 1400 1100 1166 1161 815 692 703 746 898 956 306 452 837 621 1163 903 1266 1615 1208 1419 1277 1404 1513 1566 2238 2665 1802
6 4 7 8 14 12 23 38 43 42 42 14 43 47 22 19 34 46 51 47 49 54 67 37 14 14 30 21 56 35 12 15 14 23 62 80 60 40 59 93 71 86 137 158 133 144 143 123 160 81 708 965 901 733 462 157 81 86 202 646 756 1045 853 620 634 783 993 1204 558 392 275 309 692 872 1033 777 1171 1133 652 1153 2206 2188 2105 2642 2777 2957 1897
14 9 5 15 9 8 33 38 37 44 22 35 30 37 22 17 41 49 43 39 40 53 61 61 48 15 9 38 56 56 28 12 23 51 56 66 46 36 62 50 80 102 120 141 140 111 63 95 70 85 46 811 653 670 737 484 267 80 75 273 269 377 446 232 353 341 265 720 672 738 342 161 96 89 103 383 819 1211 943 1882 1620 2238 2535 2312 2768 2156 1022
16 20 16 10 7 31 19 30 15 19 20 39 24 22 18 17 32 53 29 22 28 26 30 36 46 15 9 13 29 42 41 12 48 48 47 57 39 28 50 87 107 109 142 153 189 101 104 55 62 58 47 47 35 237 459 644 401 227 99 68 119 97 125 273 371 108 198 413 504 614 318 170 81 129 46 104 571 119 1101 748 682 1860 1322 2697 2093 1864 1485
10 11 6 6 6 10 6 30 24 34 15 13 23 9 15 31 53 39 47 32 33 56 54 50 38 26 29 12 33 38 16 12 46 42 43 27 21 27 91 88 90 86 121 121 93 93 77 89 48 72 58 30 33 40 30 285 446 359 238 130 118 35 34 57 253 48 55 193 314 293 109 122 63 131 92 152 241 928 492 371 702 1552 1594 2443 2276 1455 1479
-1 6 8 -1 11 9 6 12 9 15 8 9 12 19 38 49 36 45 35 30 16 39 55 48 55 37 18 10 32 39 42 12 15 20 23 22 26 50 68 64 77 81 239 96 68 82 59 80 59 40 60 35 31 29 34 28 350 369 249 184 161 110 31 28 97 214 96 108 213 59 50 24 24 103 95 100 104 421 217 236 888 1429 1959 2335 1529 1263 1647
6 6 7 13 7 8 16 7 13 6 39 21 38 21 49 44 38 19 25 7 52 34 47 48 52 50 29 8 24 43 37 13 15 35 26 52 42 70 70 56 67 93 71 54 94 100 43 81 45 30 51 61 120 31 28 20 18 261 257 139 210 184 49 29 134 86 30 69 30 39 21 17 19 25 48 75 176 215 61 143 325 921 1190 2065 1317 2084 2274
11 11 9 8 10 7 8 11 34 36 41 39 48 45 46 41 33 22 16 46 46 46 50 41 31 39 44 7 14 27 10 12 25 27 39 57 70 64 63 45 78 77 58 60 78 84 46 57 48 39 34 41 78 25 30 26 21 19 67 87 22 28 65 25 23 49 18 11 16 18 14 18 24 14 18 55 89 44 106 71 268 855 1528 1431 1381 1860 1891
11 10 8 8 15 20 18 29 32 35 38 40 33 29 42 39 17 22 33 37 42 44 30 25 42 53 32 7 9 11 10 11 26 46 41 50 62 64 42 39 69 69 73 48 70 58 58 69 62 44 28 31 50 39 29 26 26 19 19 86 69 33 50 60 17 59 13 12 9 11 19 21 29 23 20 83 166 65 68 37 105 713 710 1923 1114 1041 1579
-1 -1 9 18 17 21 29 14 27 33 36 40 23 30 30 41 7 12 39 35 43 43 33 33 47 49 12 7 8 9 10 31 35 20 48 52 59 48 47 49 60 58 58 45 67 53 37 36 32 44 26 35 48 50 35 23 13 4 22 22 21 22 22 22 18 17 14 0 12 0 13 21 25 21 25 36 140 75 52 61 107 137 533 1530 765 661 1148
10 17 13 12 14 21 16 21 27 18 35 29 24 23 21 29 17 14 32 27 29 40 31 39 46 39 45 30 24 8 9 29 38 9 35 54 53 48 49 33 52 45 59 32 70 49 30 28 18 28 28 31 38 6 15 20 19 20 -4 24 21 19 16 18 2 15 -4 -5 15 -5 20 14 17 12 10 17 96 195 96 95 101 207 333 1276 1132 500 476
10 5 13 14 13 25 15 14 21 29 34 33 33 8 17 15 14 29 37 15 35 43 42 18 30 45 40 36 10 6 7 17 25 14 34 20 49 46 40 22 31 54 32 53 57 61 55 39 35 23 20 26 25 8 23 22 19 23 28 -5 20 13 20 16 -5 15 2 -2 -5 -5 -5 2 18 22 16 9 86 65 28 102 230 305 577 953 1148 579 290
12 5 15 12 5 26 16 17 23 28 31 29 23 11 17 11 25 31 34 13 33 37 44 37 29 29 42 30 27 11 7 5 4 8 26 22 35 49 38 18 17 48 17 48 40 53 62 59 44 29 29 23 20 24 8 26 21 22 21 -2 18 -5 4 19 -6 -5 -13 -5 -5 -5 -5 7 -6 17 13 17 21 65 31 70 164 291 280 752 1117 496 133
3 15 7 14 15 21 17 9 11 23 10 29 11 13 12 12 11 23 29 23 35 35 31 28 14 27 33 31 33 17 31 13 6 11 20 23 18 17 49 50 37 24 20 31 34 31 45 27 33 31 35 30 10 15 22 19 20 26 21 1 -5 -5 -5 -5 -5 -5 -5 -5 -5 -5 -5 -5 -5 -5 -5 -4 -5 33 21 32 121 59 27 113 350 529 620
4 6 10 13 15 12 7 7 12 8 10 15 13 18 6 15 26 30 21 28 26 31 19 22 16 32 34 19 41 39 34 28 16 8 24 20 9 8 38 36 37 32 15 20 14 17 22 11 7 14 24 18 26 18 -3 23 23 23 16 17 -6 -5 -6 -5 -5 -6 -7 -8 -11 -9 -11 -12 -20 -20 -31 -16 -17 -6 6 -2 -14 15 1 21 115 66 34
17 6 11 12 10 10 9 6 11 8 15 6 19 13 16 25 18 26 30 20 22 18 22 24 24 26 30 22 43 40 37 16 14 7 30 15 30 15 31 37 32 43 28 16 19 26 10 9 9 18 13 8 22 12 2 -1 1 -2 7 8 -5 -5 -5 -6 -8 -10 -11 -13 -17 -23 -35 -49 -108 -51 -112 -118 -205 -49 -15 -12 -11 -7 -5 21 17 7 24
13 15 2 -1 6 8 10 2 1 -1 -1 -1 -1 8 16 24 8 20 18 12 28 29 13 21 18 27 34 21 39 32 37 32 38 21 23 40 18 6 15 33 34 25 37 43 23 43 41 42 26 23 20 10 21 13 19 14 1 -5 -5 -5 -5 -5 -8 -8 -11 -14 -17 -20 -34 -59 -48 -41 -94 -90 -129 -180 -264 -364 -288 -34 -26 -18 -23 -17 -14 -5 14
15 -1 -1 -1 -1 1 0 -1 -1 -1 -1 -1 -1 12 18 6 6 9 13 24 18 24 16 20 23 31 35 31 39 35 33 42 43 35 18 26 13 18 18 0 12 4 19 27 21 27 19 20 9 23 17 18 8 8 10 13 15 12 -5 -5 -5 -5 -7 -10 -14 -19 -25 -33 -46 -70 -82 -54 -86 -90 -36 -59 -175 -205 -147 -25 -47 -41 -40 -37 -30 -20 -2
4 -1 -1 -1 -2 -2 -3 -2 -3 -2 -2 -1 -1 -1 6 6 6 6 9 13 13 13 18 21 23 18 25 28 30 41 33 34 39 32 19 8 11 22 9 17 16 14 24 7 7 -5 2 9 16 10 8 0 -7 -3 -5 -5 -6 -5 -5 -5 -5 -6 -9 -12 -17 -25 -35 -44 -14 -70 -106 -72 -64 -61 -80 -92 -105 -122 -132 -72 -46 -60 -36 -30 -54 -42 -29
6 -1 -2 -2 -2 -2 -2 -2 -2 -2 -2 -2 -2 -1 -1 -1 13 4 11 8 11 17 16 18 20 18 26 26 28 35 33 35 36 44 36 18 16 15 6 34 25 10 8 9 19 17 9 -5 -5 -2 -5 -2 -5 11 16 24 21 -5 -5 -5 -5 -7 -10 -13 -19 -35 -47 -75 -70 -86 -89 -89 -108 -99 -114 -115 -71 -100 -152 -149 -100 -127 -155 -210 -242 -189 -75
-2 -2 -4 -2 -3 -3 -4 -3 -3 -2 -3 -2 -3 -2 -1 -1 -1 4 6 15 16 21 22 24 24 17 31 32 31 34 41 27 34 37 38 43 36 36 11 20 35 13 11 11 35 7 50 35 24 16 -4 -3 1 -5 -2 19 -2 -1 -2 -5 -5 -8 -11 -15 -28 -49 -67 -65 -128 -137 -89 -90 -92 -81 -81 -112 -133 -151 -131 -201 -359 -445 -472 -673 -593 -548 -265
-2 -3 -3 -3 -3 -3 -3 -3 -3 -3 -3 -3 -2 -2 -2 -2 -1 -1 7 13 15 17 21 20 20 18 26 33 27 32 32 41 25 34 38 32 40 40 34 40 39 26 18 43 32 12 13 22 63 47 32 10 3 14 9 -5 8 -5 -2 -5 -7 -10 -12 -16 -33 -65 -73 -66 -149 -179 -126 -73 -63 -91 -102 -123 -120 -129 -132 -435 -603 -641 -719 -870 -822 -787 -496
-7 -4 -6 -4 -6 -4 -5 -4 -5 -4 -5 -3 -4 -3 -3 -2 -3 -1 -2 11 16 18 16 20 19 14 20 33 34 31 36 36 35 24 36 29 36 36 33 58 45 44 43 46 45 22 15 38 51 63 47 34 18 -5 -6 7 -5 -5 -6 -7 -12 -14 -14 -15 -48 -62 -66 -74 -80 -98 -93 -97 -106 -139 -119 -115 -125 -166 -202 -484 -778 -834 -880 -1018 -984 -844 -536
-5 -5 -5 -5 -5 -5 -5 -5 -5 -5 -4 -4 -4 -3 -3 -2 -2 -2 -1 0 15 16 18 14 22 20 18 23 26 25 22 35 24 30 31 37 28 35 31 31 51 50 54 51 42 56 36 63 54 40 45 43 12 0 -1 -5 10 -5 -7 -11 -15 -20 -17 -23 -77 -63 -72 -76 -75 -92 -119 -103 -158 -345 -730 -171 -130 -453 -682 -884 -853 -938 -1027 -1136 -1114 -754 -669
-9 -6 -8 -6 -8 -6 -8 -6 -7 -5 -6 -5 -5 -4 -4 -3 -3 -2 -2 -1 17 12 16 9 15 13 14 12 21 19 19 16 22 24 20 24 21 25 26 26 49 50 48 47 58 51 60 51 38 31 27 22 13 16 -3 -5 -6 -7 -13 -14 -20 -23 -29 -38 -62 -67 -70 -81 -89 -99 -494 -99 -118 -141 -317 -190 -343 -685 -871 -1054 -1102 -1145 -1121 -1245 -1165 -826 -905
-8 -7 -7 -7 -7 -7 -7 -7 -7 -6 -6 -6 -5 -5 -4 -4 -3 -3 -2 -2 -1 7 6 5 9 11 14 13 22 16 16 20 17 16 17 17 17 14 19 17 22 33 41 36 36 39 35 33 42 50 41 17 10 8 -5 -5 -7 -10 -14 -18 -21 -26 -34 -46 -71 -63 -71 -88 -89 -100 -113 -115 -122 -115 -134 -155 -539 -865 -1020 -1168 -1229 -1304 -1383 -1358 -1344 -1314 -1300
-12 -9 -11 -8 -11 -8 -10 -8 -10 -7 -8 -7 -7 -6 -5 -5 -4 -4 -3 -2 -2 -1 3 5 4 7 13 15 11 19 13 17 18 22 21 17 15 22 20 23 20 24 27 31 27 30 43 37 32 28 36 13 20 17 -5 -5 -10 -14 -19 -22 -24 -30 -37 -46 -68 -56 -76 -78 -94 -93 -117 -123 -112 -112 -128 -302 -694 -943 -1117 -1255 -1337 -1406 -1485 -1544 -1585 -1571 -1530
-10 -10 -10 -10 -10 -9 -9 -9 -9 -8 -8 -8 -7 -7 -6 -6 -5 -4 -4 -3 -3 -2 -1 16 20 11 9 2 4 11 15 20 20 22 27 19 14 17 16 27 20 19 26 29 37 20 31 32 30 12 14 11 -5 -5 -5 -9 -14 -18 -23 -25 -26 -31 -39 -46 -61 -61 -70 -80 -71 -86 -99 -105 -116 -114 -123 -511 -874 -1109 -1238 -1328 -1397 -1482 -1578 -1646 -1681 -1687 -1730
-14 -11 -14 -11 -14 -11 -12 -10 -11 -9 -10 -9 -8 -8 -7 -7 -6 -5 -6 -4 -3 -3 -2 -2 -1 14 14 6 3 14 18 15 18 17 18 13 16 13 16 18 21 21 23 28 22 29 19 19 13 -5 -5 1 -5 -5 -9 -13 -19 -23 -25 -20 -27 -32 -45 -47 -58 -78 -71 -83 -72 -78 -103 -103 -99 -117 -167 -496 -978 -1208 -1298 -1386 -1449 -1524 -1608 -1684 -1748 -1771 -1795
-13 -13 -13 -12 -12 -12 -12 -11 -11 -11 -10 -10 -9 -9 -8 -8 -7 -6 -6 -5 -4 -4 -3 -2 -2 -1 17 17 -1 -1 -1 7 8 1 -1 13 -1 9 -5 -5 1 11 10 18 16 10 13 11 -5 -5 -5 -5 -5 -10 -16 -18 -17 -23 -26 -25 -28 -35 -43 -60 -55 -73 -80 -84 -85 -83 -94 -100 -121 -348 -781 -1020 -1213 -1360 -1388 -1435 -1505 -1563 -1637 -1718 -1789 -1820 -1829
-17 -14 -17 -14 -15 -13 -14 -12 -13 -12 -11 -11 -11 -10 -9 -9 -8 -7 -7 -6 -6 -5 -4 -3 -3 -2 -2 -1 -1 -2 -2 -2 -1 -2 -1 -1 -1 -5 -5 8 4 -5 -5 7 9 11 -6 -5 -6 -5 -7 -8 -10 -14 -19 -22 -22 -22 -26 -23 -31 -39 -48 -68 -67 -72 -81 -89 -79 -95 -107 -115 -457 -779 -1065 -1259 -1366 -1448 -1475 -1547 -1591 -1607 -1747 -1779 -1834 -1861 -1862
-16 -16 -15 -15 -15 -14 -14 -14 -13 -13 -12 -12 -11 -11 -10 -10 -9 -9 -8 -7 -6 -6 -5 -4 -4 -3 -2 -2 -2 -2 -2 -2 -2 -2 -2 -2 -2 -5 -5 -5 -5 -5 -5 -5 -5 9 0 -5 -5 -6 -8 -10 -13 -16 -20 -22 -23 -24 -23 -18 -28 -45 -8 -45 -34 -63 -69 -87 -85 -93 -108 -242 -670 -1031 -1194 -1390 -1492 -1538 -1542 -1571 -1603 -1654 -1770 -1805 -1852 -1905 -1905
-20 -17 -20 -17 -18 -16 -16 -15 -15 -14 -14 -13 -13 -12 -13 -11 -11 -10 -9 -8 -11 -7 -6 -6 -5 -4 -4 -4 -4 -3 -4 -3 -3 -3 -3 -3 -4 -5 -5 -5 -5 -5 -5 -4 -5 -5 -5 -5 -6 -7 -9 -12 -14 -18 -23 -23 -23 -23 -21 -17 -24 -47 -8 -8 -11 -89 -123 -98 -99 -69 -110 -65 -407 -1112 -1337 -1471 -1578 -1588 -1592 -1603 -1631 -1704 -1778 -1838 -1881 -1933 -1937
-19 -19 -18 -18 -18 -17 -17 -16 -16 -15 -15 -14 -14 -13 -13 -12 -11 -11 -10 -9 -9 -8 -7 -7 -6 -6 -5 -5 -5 -4 -4 -4 -4 -4 -4 -4 -5 -5 -5 -5 -5 -5 -5 -5 -5 -5 -5 -5 -5 -7 -10 -13 -18 -23 -25 -5 -9 -11 -9 -12 -21 -42 -25 -5 -5 -87 -69 -96 -74 -15 -12 -81 -483 -1282 -1510 -1597 -1640 -1623 -1626 -1666 -1679 -1752 -1811 -1835 -1902 -1954 -1965
-23 -20 -23 -19 -21 -19 -19 -18 -17 -17 -16 -16 -16 -15 -16 -13 -14 -12 -13 -11 -12 -9 -10 -8 -8 -7 -7 -6 -7 -5 -6 -5 -5 -5 -5 -5 -6 -5 -5 -5 -6 -5 -5 -5 -6 -5 -5 -5 -5 -6 -10 -15 -11 -23 -17 -5 -5 -5 -5 -6 -12 -15 -11 -5 -24 -139 -87 -78 -113 -68 -13 -414 -1095 -1479 -1614 -1738 -1776 -1808 -1702 -1695 -1769 -1774 -1808 -1787 -1932 -2026 -2042
-22 -22 -22 -21 -21 -20 -20 -19 -19 -18 -18 -17 -17 -16 -15 -15 -14 -13 -13 -12 -11 -10 -10 -9 -8 -8 -7 -7 -7 -6 -6 -6 -6 -6 -6 -6 -7 -5 -5 -5 -5 -5 -5 -5 -5 -5 -5 -5 -5 -5 -8 -13 -21 -19 -5 -5 -5 -5 -5 -5 -5 -6 -5 -5 -42 -93 -38 -124 -121 -511 -52 -173 -1103 -1483 -1690 -1759 -1872 -1863 -1766 -1631 -1720 -1673 -1711 -1847 -1995 -2004 -2037
-26 -24 -25 -23 -24 -22 -23 -21 -21 -20 -21 -19 -19 -17 -17 -16 -16 -15 -15 -13 -14 -11 -13 -10 -11 -9 -9 -8 -9 -7 -8 -7 -7 -7 -7 -7 -7 -5 -5 -5 -6 -5 -5 -5 -4 -5 -6 -5 -5 -5 -7 -5 -12 -10 -8 -5 -10 -5 -7 -5 -6 -5 -5 -7 -52 -203 -273 -438 -382 -564 -324 -851 -1311 -1554 -1746 -1819 -1821 -1684 -1541 -1449 -1545 -1420 -1510 -1839 -2084 -2067 -2062
-26 -26 -25 -25 -24 -24 -23 -22 -22 -21 -21 -20 -19 -19 -18 -17 -17 -16 -15 -14 -13 -13 -12 -11 -11 -10 -10 -9 -9 -8 -8 -8 -8 -8 -8 -8 -8 -5 -5 -5 -5 -5 -5 -5 -5 -5 -5 -5 -3 -5 -5 -5 -5 -5 -5 -5 -5 -5 -5 -5 -5 -5 -6 -25 -299 -405 -387 -536 -513 -586 -1147 -1418 -1653 -1730 -1760 -1716 -1551 -1167 -745 -936 -1202 -1007 -1064 -1830 -2091 -2110 -2068
-30 -28 -29 -27 -28 -25 -27 -24 -26 -23 -25 -22 -23 -20 -22 -19 -20 -17 -15 -15 -14 -14 -14 -12 -14 -11 -11 -10 -10 -9 -9 -9 -8 -8 -8 -9 -9 -5 -5 0 -5 -5 -6 -5 -6 -5 -6 -5 -5 -5 -6 -5 -3 -5 -8 -5 -9 -5 -9 -5 -9 2 -17 -438 -532 -518 -460 -384 -98 -145 -1076 -1627 -1733 -1758 -1762 -1670 -1188 -257 -51 -150 -190 -433 -627 -1771 -2010 -2093 -2118
