Challenge_3/RasterMaps/Australia.asc
NCOLS        855
NROWS        579
XLLCENTER    95.441666666667
YLLCENTER    -45.225000000000
CELLSIZE     0.0833333333334
NODATA_VALUE -9999
[rows 117 to 155 of 579, columns 87 to 173 of 855]
-3218 -2936 -2951 -2689 -2270 -2733 -2599 -2589 -2628 -2359 -2008 -1848 -1746 -1408 -1426 -1432 -1839 -2061 -2029 -1801 -1902 -1929 -2061 -2071 -1978 -1821 -1756 -1526 -1391 -1121 -457 63 35 -5 234 185 89 54 9 9 56 281 480 497 689 1011 1234 758 796 493 837 2203 1271 640 297 229 347 611 1223 1600 1167 1033 599 923 258 50 57 80 224 195 96 2 -2 -2 -1 -2 2 -6 -8 -8 -8 -5 -4 -10 -17 -29 -42
-3401 -3188 -3088 -2668 -2473 -2612 -2598 -2596 -2643 -2607 -2372 -2388 -2240 -2128 -1679 -1413 -1720 -2049 -1982 -1966 -2005 -1989 -2075 -2161 -2154 -1893 -1796 -1612 -1323 -1170 -985 -188 -10 -4 20 -19 -16 -17 -6 -40 -18 68 134 221 698 696 1021 535 525 402 668 972 877 485 345 375 456 675 755 854 1114 1063 700 481 365 292 151 403 1214 838 327 52 11 8 2 3 8 2 3 -1 3 6 7 3 2 -9 -39
-3498 -3696 -3464 -3251 -3198 -3266 -2826 -2698 -2819 -2856 -2700 -2267 -2437 -2357 -1961 -2216 -2344 -2315 -1788 -1842 -1883 -1815 -2043 -2191 -2255 -2040 -1802 -1800 -1706 -1423 -1194 -510 -124 -50 -30 -19 -33 -17 -232 -530 -474 -222 -15 123 218 9 225 228 273 357 558 533 640 487 699 838 672 671 678 681 665 685 1160 1258 742 326 319 537 1170 885 365 183 32 22 19 11 10 22 28 41 22 18 12 12 17 87 192
-4081 -4059 -3972 -3659 -3578 -2966 -3178 -3141 -3271 -2948 -2933 -2645 -2407 -2502 -2533 -2437 -2544 -2701 -2413 -2334 -2126 -2007 -2152 -2258 -2237 -2262 -2126 -2036 -1771 -1696 -1492 -1267 -318 -38 -19 -154 -832 -963 -999 -1098 -1172 -887 -619 -338 -330 -212 -11 237 175 411 706 897 1171 1076 947 1125 1319 1075 703 750 682 673 938 669 483 1198 818 757 590 698 217 130 222 80 50 41 51 86 115 123 101 62 22 87 219 346 400
-4833 -4652 -4550 -4047 -3940 -3907 -3536 -3583 -3186 -3272 -3082 -2979 -3067 -2977 -2750 -2843 -3113 -3205 -3208 -2877 -2611 -2658 -2429 -2494 -2502 -2479 -2232 -2163 -2195 -1985 -1845 -1596 -1551 -1152 -1129 -943 -1454 -1626 -1660 -1709 -1867 -1688 -1494 -948 -335 -5 508 713 568 591 534 728 934 923 1191 1503 1659 1236 1044 1730 943 1287 1106 639 1456 680 497 805 720 337 518 416 810 719 307 133 62 482 654 435 203 256 585 865 955 1100 994
-5528 -5208 -5266 -4633 -4300 -4158 -3914 -3920 -3624 -3470 -3440 -3141 -3272 -3195 -2846 -2897 -3279 -2943 -2953 -2951 -2830 -2802 -2646 -3030 -2994 -2520 -2164 -2231 -2229 -2268 -2332 -1923 -1757 -1814 -1688 -1604 -1914 -2090 -2189 -2234 -2279 -2221 -1908 -596 -270 22 417 463 640 646 379 445 514 452 964 1092 1599 1809 1473 1593 1579 1195 800 738 1145 878 473 1282 366 457 426 411 564 505 668 96 265 1152 1669 1186 821 774 591 1107 1695 1464 1873
-6173 -5928 -5623 -5345 -5100 -4605 -4374 -4332 -4012 -3866 -3374 -3362 -3526 -3316 -2839 -3196 -3555 -3492 -3510 -2910 -2979 -3097 -3240 -3318 -3228 -2883 -2621 -2374 -2192 -2191 -2404 -2160 -2182 -1964 -2118 -2172 -2352 -2391 -2464 -2495 -2415 -2157 -1027 -258 -5 144 250 249 309 288 401 235 275 481 484 897 911 910 1075 1718 1842 1217 1196 1141 808 561 396 430 207 187 197 215 223 156 328 185 314 1525 1600 754 195 213 405 826 878 909 1161
-6265 -6248 -6239 -6296 -5727 -5259 -4921 -4646 -4538 -4487 -4047 -3870 -3589 -3633 -3257 -3503 -3770 -3815 -3778 -3464 -3316 -3380 -3500 -3506 -3462 -3427 -2784 -2532 -2367 -2220 -2373 -2344 -2349 -2286 -2188 -2059 -2326 -2388 -2442 -2332 -1987 -1562 -989 -468 -314 12 50 97 117 76 96 82 170 230 236 464 569 757 1092 1219 1274 1277 1398 906 553 395 344 325 218 113 37 17 40 26 68 252 356 348 250 200 65 117 212 238 348 585 707
-5936 -6226 -6367 -6337 -5993 -6077 -5609 -5429 -5292 -4974 -4595 -4423 -4271 -4342 -3835 -3624 -3867 -4211 -3948 -3803 -3738 -3601 -3553 -3624 -3550 -3153 -3118 -2893 -2853 -2680 -2636 -2308 -2227 -2274 -2178 -1985 -1903 -2083 -2288 -2277 -2147 -1917 -850 -395 -254 -224 -35 -25 -13 -31 -11 -25 1 -9 60 112 180 244 511 486 566 1258 866 946 449 382 227 455 476 166 26 19 9 25 103 91 279 127 60 51 32 60 124 218 500 639 576
-5946 -6044 -6223 -6267 -6111 -6435 -6342 -6211 -6084 -5816 -5302 -5140 -4972 -4516 -4378 -4276 -3991 -4082 -4191 -4070 -3944 -3969 -4051 -3916 -3716 -3249 -2962 -2772 -2683 -2870 -2821 -2437 -2202 -2138 -2208 -2077 -1835 -1967 -2207 -2448 -2591 -2421 -1312 -340 -250 -157 -354 -164 -275 -203 -276 -965 -1308 -636 -39 -23 -24 -12 86 213 396 798 528 803 517 473 269 292 473 451 297 274 7 7 15 95 70 21 19 46 449 316 229 129 221 315 909
-6014 -6071 -6162 -6248 -6373 -6383 -6405 -6416 -6509 -6516 -6054 -5673 -5660 -5373 -5032 -4988 -4906 -5000 -4295 -4051 -3785 -3664 -3627 -3761 -4095 -4095 -3888 -3633 -2767 -2474 -2672 -2768 -2385 -2351 -2217 -2229 -2240 -2333 -2547 -2580 -2767 -2691 -2317 -1605 -975 -961 -1377 -1538 -1614 -1745 -1850 -1937 -1959 -1392 -1380 -1372 -1438 -975 -35 -40 102 234 376 444 437 258 161 259 149 181 155 190 193 4 1 25 39 9 6 10 19 58 18 182 56 141 183
-5932 -6004 -6052 -6095 -6161 -6208 -6222 -6359 -6375 -6219 -6258 -6141 -6053 -5907 -5676 -5602 -5467 -5341 -4886 -4345 -4208 -4100 -3910 -4096 -3942 -3971 -3826 -3610 -3658 -3283 -2796 -2649 -2690 -2472 -2366 -2312 -2399 -2391 -2562 -2655 -2637 -2822 -2831 -2736 -2352 -2168 -2212 -2221 -2217 -2259 -2333 -2170 -2138 -2077 -1950 -1743 -1616 -1023 -1122 -473 -140 -30 141 169 122 204 203 168 122 87 -1 -2 -12 3 0 3 7 -3 -2 11 10 346 7 15 16 49 10
-5732 -5866 -5962 -5897 -6057 -6118 -6172 -6213 -6264 -6350 -6437 -6478 -6563 -6678 -6364 -5998 -5851 -5894 -5628 -5078 -4540 -4362 -4353 -4097 -4378 -4097 -3912 -3590 -3245 -3323 -3615 -3188 -2823 -2589 -2722 -2695 -2551 -2485 -2371 -2618 -2760 -2837 -2934 -2946 -2955 -2932 -2876 -2772 -2639 -2649 -2646 -2343 -2275 -2303 -1834 -1567 -1548 -1402 -1293 -613 -725 -389 -228 -39 -20 -6 22 27 90 37 -14 -31 -35 -35 -24 -13 8 -22 -31 -33 -27 -13 -8 -5 14 8 7
-5625 -5744 -5859 -5810 -5948 -6014 -6057 -6109 -6159 -6214 -6241 -6376 -6533 -6731 -6545 -6507 -6461 -6446 -6334 -6245 -5617 -4527 -4437 -4372 -4358 -3894 -3700 -3273 -2965 -2696 -2885 -3744 -3051 -3288 -3241 -2982 -2743 -2382 -2233 -2499 -2720 -2908 -2924 -2976 -3011 -3019 -3023 -3014 -2976 -2925 -2846 -2704 -2571 -2447 -2148 -2039 -2001 -1814 -1597 -942 -1344 -1112 -376 -128 -128 -44 -36 -35 -43 -63 -108 -79 -178 -98 -87 -85 -86 -74 -84 -108 -64 -46 -44 -32 -17 -6 -3
-5538 -5663 -5738 -5662 -5932 -5969 -6004 -6017 -6054 -6118 -6157 -6192 -6245 -6297 -6308 -6538 -6755 -6768 -6621 -6620 -6181 -5225 -5650 -5385 -5238 -4745 -4396 -4131 -3863 -3357 -3026 -4073 -3227 -3564 -3624 -3344 -2784 -2562 -2216 -2174 -2360 -2792 -2908 -3017 -3017 -3016 -3073 -3042 -3025 -3033 -3023 -2970 -2835 -2820 -2794 -2758 -2366 -2149 -2155 -1581 -1864 -1559 -1390 -1037 -1130 -1078 -142 -75 -111 -121 -127 -103 -88 -107 -104 -101 -103 -94 -105 -69 -66 -55 -47 -122 -80 -20 -15
-5480 -5528 -5628 -5574 -5797 -5763 -5869 -5876 -5918 -6011 -6061 -6081 -6125 -6184 -5980 -6317 -6451 -6549 -6469 -6402 -6554 -6027 -6061 -5925 -5880 -5618 -4837 -4824 -4287 -4127 -3979 -3418 -2867 -3177 -3662 -3662 -3407 -2644 -2524 -2241 -2055 -2109 -2448 -2826 -2678 -2836 -3037 -3030 -3014 -3056 -3082 -3069 -3073 -3089 -3086 -3101 -2705 -2518 -2738 -2334 -2302 -2057 -2257 -1833 -1715 -2085 -1143 -1044 -584 -197 -129 -140 -149 -122 -161 -174 -130 -105 -108 -112 -118 -244 -241 -259 -414 -226 -112
-5417 -5424 -5467 -5433 -5568 -5529 -5660 -5724 -5752 -5866 -5922 -5955 -5997 -6055 -5741 -6176 -6273 -6332 -6369 -6395 -6589 -6586 -6589 -6435 -6349 -6510 -6039 -5622 -5183 -5096 -4575 -5190 -3708 -3050 -3430 -3891 -3582 -3010 -2584 -2427 -2061 -1942 -2030 -2254 -2308 -2283 -2717 -3006 -2987 -3017 -3100 -3135 -3152 -3174 -3180 -3212 -3129 -3069 -3160 -2851 -2311 -2230 -2712 -2750 -2646 -2714 -2032 -1578 -1400 -460 -682 -751 -112 -183 -269 -331 -40 -179 -135 -304 -585 -659 -639 -705 -603 -540 -526
-5364 -5252 -5255 -5399 -5349 -5411 -5519 -5635 -5674 -5721 -5813 -5807 -5806 -5894 -5660 -6003 -6144 -6206 -6238 -6289 -6391 -6520 -6605 -6714 -6663 -6695 -6261 -6044 -5627 -5308 -5302 -4779 -4061 -3359 -3388 -3903 -3791 -3374 -2805 -2704 -2339 -2139 -1913 -2221 -2468 -2424 -2407 -2609 -2855 -2966 -2973 -3119 -3092 -3215 -3288 -3316 -3271 -3278 -3275 -3288 -3054 -3069 -3112 -3207 -2775 -2787 -2856 -2583 -2269 -2396 -1803 -1581 -1287 -910 -1036 -1278 -445 -323 -395 -846 -1169 -1229 -1137 -890 -923 -623 -501
-5281 -5351 -5299 -5366 -5392 -5445 -5495 -5568 -5601 -5638 -5743 -5627 -5645 -5767 -5528 -5831 -6031 -6106 -6094 -6038 -6224 -6325 -6420 -6557 -6631 -6674 -6450 -6067 -5965 -5385 -5530 -5536 -4629 -3715 -3417 -3419 -3690 -3531 -3064 -2861 -2809 -2266 -2095 -2321 -2352 -2405 -2326 -2178 -2196 -3168 -3235 -3254 -3229 -3273 -3404 -3377 -3350 -3413 -3374 -3320 -3347 -3409 -3371 -3328 -3242 -3207 -3323 -3203 -3056 -2712 -2171 -2281 -2295 -2327 -2174 -1697 -802 -893 -1007 -1073 -1223 -1202 -970 -607 -521 -142 -275
-5252 -5305 -5221 -5208 -5398 -5434 -5457 -5547 -5583 -5527 -5619 -5558 -5577 -5544 -5480 -5671 -5893 -5969 -5946 -5896 -5950 -6064 -6202 -6351 -6483 -6602 -6680 -6655 -6594 -6001 -5897 -5738 -5511 -4989 -4081 -3834 -3663 -3574 -3466 -3342 -3288 -3078 -2540 -2356 -2352 -2327 -2032 -1979 -1994 -2176 -2389 -2769 -3184 -3411 -3402 -3460 -3567 -3598 -3468 -3415 -3533 -3478 -3502 -3502 -3463 -3415 -3517 -3561 -3436 -3387 -3409 -3312 -3069 -3136 -2503 -1991 -1843 -1846 -1461 -1390 -1537 -1292 -866 -358 -240 -412 -777
-5158 -5233 -5152 -5105 -5267 -5440 -5416 -5500 -5502 -5436 -5587 -5513 -5528 -5491 -5579 -5666 -5827 -5905 -5858 -5759 -5728 -5916 -6048 -6199 -6343 -6445 -6523 -6651 -6679 -6666 -6269 -5651 -5675 -4734 -4435 -4322 -4201 -3344 -3093 -3301 -3386 -3090 -3190 -3142 -2772 -2243 -2096 -1783 -1788 -1794 -1901 -1841 -2596 -2863 -3297 -3566 -3678 -3721 -3522 -3503 -3501 -3517 -3472 -3524 -3533 -3528 -3549 -3557 -3490 -3501 -3561 -3557 -3445 -3498 -3164 -2916 -2853 -2399 -2159 -2058 -2128 -2047 -1848 -1448 -1140 -1337 -1476
-5116 -5210 -5153 -4979 -5176 -5379 -5408 -5429 -5474 -5598 -5477 -5478 -5530 -5488 -5499 -5647 -5824 -5961 -5810 -5721 -5808 -5829 -5870 -5947 -6238 -6323 -6392 -6494 -6588 -6652 -6649 -6398 -5969 -5525 -5014 -4415 -4481 -4083 -3011 -2841 -3383 -3380 -3215 -3287 -3069 -2725 -2404 -2479 -2235 -1989 -1982 -1838 -2129 -2477 -2333 -2847 -3272 -3585 -3511 -3481 -3556 -3428 -3325 -3516 -3530 -3540 -3554 -3554 -3557 -3559 -3559 -3567 -3558 -3567 -3404 -3390 -3440 -3032 -2708 -2753 -2797 -2713 -2589 -2258 -1893 -1871 -1825
-5028 -5167 -5210 -5082 -5205 -5393 -5454 -5447 -5494 -5758 -5499 -5501 -5500 -5490 -5441 -5498 -5732 -5923 -5735 -5627 -5743 -5783 -5839 -5812 -5897 -6214 -6283 -6372 -6456 -6551 -6638 -6655 -6621 -6221 -5597 -5163 -4177 -4587 -3992 -3382 -3209 -3266 -3360 -3565 -3282 -3089 -2895 -2663 -2089 -2041 -2150 -2148 -2203 -2083 -1983 -1805 -1952 -2762 -3202 -3398 -3418 -3090 -2980 -3377 -3525 -3534 -3582 -3553 -3563 -3574 -3559 -3562 -3559 -3563 -3536 -3492 -3544 -3488 -3482 -3368 -3164 -3082 -3015 -2771 -2513 -2408 -2369
-5067 -5165 -5224 -5090 -5324 -5417 -5436 -5478 -5502 -5622 -5546 -5549 -5497 -5509 -5519 -5510 -5624 -5747 -5683 -5631 -5543 -5561 -5816 -5776 -5793 -5923 -6186 -6263 -6358 -6427 -6529 -6623 -6644 -6529 -6148 -5601 -5252 -4558 -4636 -4209 -3913 -3560 -3121 -3407 -3456 -3158 -3384 -3171 -2402 -2132 -2155 -2385 -2354 -2020 -1815 -1772 -1700 -2118 -2517 -2846 -2940 -2549 -2430 -2808 -3189 -3501 -3601 -3562 -3558 -3562 -3567 -3574 -3567 -3563 -3575 -3582 -3575 -3560 -3544 -3466 -3352 -3247 -3231 -3068 -2775 -2746 -2812
-5117 -5249 -5266 -5268 -5372 -5400 -5468 -5490 -5492 -5539 -5542 -5521 -5419 -5547 -5665 -5508 -5622 -5913 -5657 -5525 -5277 -5256 -5683 -5544 -5739 -5889 -5931 -6038 -6194 -6373 -6351 -6474 -6580 -6606 -6564 -6213 -5832 -5750 -4823 -4650 -4175 -3747 -3387 -3349 -3601 -3496 -3507 -3447 -2962 -2805 -2373 -2570 -2578 -2331 -2198 -2073 -1952 -2255 -2388 -2520 -2637 -2244 -2108 -2219 -2975 -3253 -3447 -3577 -3611 -3531 -3505 -3543 -3567 -3564 -3561 -3654 -3610 -3577 -3539 -3457 -3415 -3327 -3302 -3253 -3112 -3034 -3001
-5222 -5312 -5282 -5293 -5368 -5437 -5486 -5492 -5485 -5503 -5511 -5455 -5366 -5618 -5639 -5416 -5618 -5939 -5584 -5474 -5325 -5331 -5621 -5470 -5656 -6030 -5946 -5888 -6025 -6287 -6058 -6463 -6422 -6494 -6539 -6526 -6466 -6312 -5390 -5162 -4758 -4430 -4562 -4102 -4084 -3866 -3293 -3258 -3353 -3461 -3186 -2854 -2437 -2367 -2151 -2254 -2221 -2030 -2147 -2327 -2544 -2450 -2520 -2396 -2559 -3060 -3174 -3330 -3478 -3501 -3504 -3581 -3659 -3580 -3548 -3611 -3602 -3590 -3493 -3513 -3400 -3395 -3408 -3414 -3350 -3266 -3266
-5302 -5337 -5324 -5281 -5356 -5454 -5477 -5493 -5493 -5512 -5521 -5526 -5406 -5610 -5505 -5416 -5554 -5695 -5655 -5446 -5312 -5286 -5475 -5391 -5452 -5841 -5861 -5801 -5849 -5973 -6028 -6413 -6326 -6333 -6460 -6514 -6507 -6519 -6342 -5892 -5802 -5303 -4749 -4351 -4203 -4306 -3764 -3549 -3399 -3246 -3315 -3288 -3096 -2559 -2220 -2237 -2452 -2501 -2372 -2051 -2416 -2347 -2173 -2296 -2296 -2334 -2618 -2898 -3330 -3363 -3491 -3435 -3642 -3583 -3495 -3492 -3608 -3603 -3474 -3651 -3653 -3704 -3712 -3556 -3438 -3451 -3530
-5264 -5302 -5321 -5320 -5369 -5454 -5497 -5530 -5521 -5531 -5524 -5421 -5436 -5493 -5457 -5395 -5556 -5571 -5721 -5444 -5222 -5221 -5453 -5428 -5418 -5694 -5584 -5575 -5614 -5715 -5875 -5910 -6087 -6225 -6323 -6241 -6426 -6529 -6540 -6436 -6347 -6038 -5423 -5142 -5103 -4612 -4362 -4060 -3566 -3461 -3558 -3185 -3129 -3218 -3202 -2950 -2567 -2451 -2207 -2384 -2434 -2379 -2090 -2049 -1965 -2169 -2326 -2812 -2914 -2602 -2900 -3163 -3420 -3425 -3416 -3472 -3485 -3463 -3543 -3787 -3985 -4017 -3802 -3444 -3308 -3467 -3725
-5282 -5349 -5361 -5357 -5347 -5492 -5512 -5552 -5580 -5532 -5470 -5485 -5447 -5440 -5452 -5371 -5452 -5495 -5553 -5430 -5311 -5317 -5415 -5442 -5364 -5431 -5479 -5464 -5353 -5523 -5668 -5689 -5865 -6021 -5872 -5912 -6256 -6489 -6657 -6447 -6499 -6515 -6460 -6083 -5099 -5270 -5123 -5679 -4083 -4022 -4067 -3524 -3300 -3280 -3495 -3538 -3258 -2960 -2644 -2567 -2426 -2445 -2335 -2212 -2045 -1829 -2147 -2550 -2402 -2127 -2039 -2077 -2595 -3128 -2956 -3345 -3289 -3018 -3429 -3814 -4033 -4033 -3782 -3547 -3481 -3607 -3865
-5330 -5397 -5389 -5356 -5405 -5477 -5529 -5564 -5596 -5561 -5524 -5529 -5448 -5451 -5485 -5473 -5403 -5479 -5674 -5525 -5303 -5244 -5365 -5338 -5266 -5382 -5406 -5442 -5396 -5475 -5506 -5501 -5640 -5972 -5830 -5612 -5950 -6275 -6318 -6030 -6476 -6937 -6954 -6717 -6421 -5551 -5380 -5324 -3993 -4181 -4106 -4037 -3731 -3404 -3249 -3670 -3551 -3348 -3191 -3295 -2976 -2473 -2474 -2309 -2343 -2201 -2370 -2580 -2353 -2215 -2235 -2012 -2190 -2457 -2423 -2636 -2310 -1978 -2173 -2845 -3423 -3741 -3696 -3660 -3545 -3646 -3631
-5370 -5366 -5389 -5385 -5420 -5538 -5622 -5648 -5646 -5593 -5537 -5510 -5464 -5447 -5511 -5491 -5440 -5470 -5591 -5411 -5280 -5211 -5228 -5508 -5346 -5267 -5374 -5364 -5347 -5358 -5347 -5380 -5432 -5834 -5977 -5335 -5472 -5894 -6236 -5990 -6362 -6865 -7146 -7002 -6775 -6449 -6256 -5787 -5422 -5405 -5084 -4848 -4191 -4140 -4011 -4067 -3626 -3298 -3272 -3468 -3251 -3173 -2914 -2609 -2584 -2520 -2731 -2670 -2317 -2264 -2249 -2289 -2206 -2221 -2142 -1912 -1803 -1811 -1690 -1600 -1959 -2500 -2805 -3309 -3495 -3406 -2932
-5291 -5326 -5355 -5413 -5383 -5536 -5690 -5693 -5847 -5625 -5543 -5521 -5483 -5492 -5538 -5491 -5477 -5493 -5527 -5414 -5354 -5308 -5503 -5868 -5367 -5223 -5297 -5208 -5153 -5152 -5132 -5220 -5315 -5683 -5110 -5013 -5031 -5484 -5642 -5845 -6159 -6478 -6764 -6817 -6759 -6637 -6698 -6158 -5984 -6402 -5252 -5572 -5210 -4328 -4316 -4254 -4119 -4022 -3537 -3361 -3369 -3377 -3199 -3159 -3099 -2964 -2999 -2763 -2586 -2534 -2537 -2541 -2511 -2348 -2119 -1951 -1723 -1623 -1594 -1516 -1546 -1686 -1713 -2097 -2305 -2387 -2316
-5303 -5316 -5256 -5405 -5419 -5547 -5758 -5784 -5966 -5650 -5455 -5519 -5451 -5495 -5464 -5506 -5493 -5506 -5518 -5437 -5403 -5221 -5281 -5192 -5097 -5070 -5140 -5112 -5072 -5131 -5149 -5101 -4949 -5102 -5475 -5218 -4816 -5199 -5432 -5539 -6065 -6285 -6270 -6461 -6717 -6559 -6684 -6631 -6528 -6542 -6468 -6361 -5760 -5202 -5840 -5514 -4499 -5075 -4054 -3482 -3662 -3437 -3472 -3192 -3092 -3181 -3161 -3264 -3163 -2804 -2823 -2673 -2770 -2570 -2255 -2303 -2237 -1966 -1766 -1718 -1891 -2198 -2292 -2069 -1536 -1000 -1452
-5393 -5332 -5397 -5441 -5451 -5548 -5710 -5867 -5943 -5562 -5375 -5230 -5232 -5422 -5366 -5531 -5480 -5526 -5505 -5383 -5202 -5100 -5118 -5209 -5134 -4911 -5006 -5043 -5022 -5002 -5229 -5129 -4578 -4579 -5249 -5292 -4752 -5113 -5406 -5364 -6004 -6230 -6211 -6161 -6447 -6440 -6502 -6764 -6717 -6565 -6682 -6699 -6577 -6561 -6660 -6511 -5938 -5362 -4640 -4360 -4283 -3935 -3626 -3422 -3322 -3382 -3353 -3289 -3275 -3359 -3309 -3164 -3184 -3060 -2559 -2526 -2652 -2353 -2109 -2033 -2212 -2507 -2607 -2232 -1580 -755 -1068
-5489 -5414 -5506 -5504 -5503 -5517 -5597 -5773 -5894 -5622 -5531 -5338 -5240 -5359 -5448 -5535 -5355 -5407 -5450 -5433 -5194 -5103 -4985 -5116 -5288 -4965 -4816 -4941 -4863 -4822 -5030 -5143 -4656 -4527 -4985 -5200 -4790 -4946 -5155 -5234 -5996 -6042 -5850 -6029 -6181 -6073 -6406 -6678 -6621 -6393 -6467 -6628 -6648 -6612 -6654 -6794 -6676 -6141 -5387 -5131 -5104 -4547 -4052 -4227 -4081 -3581 -3385 -3496 -3480 -3513 -3326 -3278 -3376 -3419 -2958 -2769 -2789 -2582 -2502 -2456 -2499 -2734 -2487 -1545 -782 -605 -932
-5512 -5517 -5548 -5411 -5519 -5535 -5586 -5605 -5729 -5654 -5582 -5577 -5599 -5562 -5458 -5494 -5285 -5291 -5431 -5346 -5150 -4948 -4857 -4867 -5217 -4942 -4707 -4886 -4716 -4633 -4624 -4849 -5146 -4621 -4404 -4901 -5026 -4959 -5199 -5403 -5643 -5513 -5613 -5874 -6084 -6201 -6360 -6450 -6438 -6390 -6232 -6597 -6651 -6721 -6607 -6630 -6641 -6687 -6506 -6439 -6372 -5987 -5098 -4735 -4521 -3900 -3581 -3373 -3361 -3509 -3504 -3655 -3447 -3453 -3088 -2923 -2881 -3100 -3145 -3030 -2857 -2769 -2286 -1580 -1747 -1251 -894
-5568 -5558 -5563 -5431 -5502 -5511 -5591 -5616 -5656 -5613 -5476 -5475 -5723 -5570 -5368 -5537 -5362 -5074 -5318 -5374 -5020 -4766 -4783 -4611 -4914 -4888 -4881 -4753 -4635 -4756 -4795 -4942 -5161 -4568 -4202 -4604 -4971 -5010 -5043 -5254 -5305 -5307 -5596 -5650 -5852 -6073 -6008 -6041 -5963 -6072 -6149 -6548 -6550 -6636 -6426 -6405 -6694 -6754 -6764 -6730 -6721 -6693 -5963 -5822 -5401 -5039 -4376 -4114 -3968 -3579 -3221 -3062 -3145 -3437 -3562 -3173 -3076 -3147 -3012 -3103 -3094 -3003 -3311 -3347 -2870 -2070 -1100
-5595 -5572 -5580 -5394 -5490 -5445 -5616 -5702 -5646 -5575 -5524 -5587 -5692 -5620 -5755 -5894 -5505 -5047 -5078 -5193 -5050 -4912 -4687 -4718 -4906 -5033 -4872 -4555 -4747 -4854 -4819 -4763 -4853 -4619 -4414 -4261 -4700 -4887 -4816 -4958 -5077 -5292 -5572 -5554 -5672 -5991 -5912 -5326 -5570 -5898 -6257 -6430 -6451 -6368 -6240 -6321 -6686 -6748 -6780 -6760 -6640 -6744 -6485 -6316 -6032 -5809 -5559 -5061 -4832 -4610 -4202 -3913 -3713 -3744 -3541 -3368 -3754 -3859 -3193 -3237 -3634 -3106 -3555 -3702 -3469 -2605 -1645
-5567 -5579 -5589 -5490 -5501 -5426 -5469 -5515 -5723 -5595 -5517 -5587 -5677 -5548 -5767 -5848 -5474 -5215 -5038 -5055 -4966 -4925 -4717 -4641 -4852 -4887 -4683 -4921 -4904 -4864 -4876 -4818 -4715 -4704 -4578 -4083 -4403 -4536 -4780 -4812 -5040 -5358 -5541 -5587 -5722 -5966 -5935 -5855 -5913 -6138 -6232 -6195 -6111 -6206 -6352 -6512 -6594 -6598 -6702 -6740 -6611 -6758 -6792 -6798 -6751 -6645 -6570 -6156 -5903 -5852 -5331 -5280 -4993 -4973 -4666 -4568 -4425 -4313 -3944 -3749 -4085 -3602 -4009 -4080 -4302 -3492 -2528
