Challenge_3/RasterMaps/Central_America.asc
NCOLS        1121
NROWS        500
XLLCENTER    -126.741666666667
YLLCENTER    -5.441666666667
CELLSIZE     0.0833333333334
NODATA_VALUE -9999
[rows 105 to 139 of 500, columns 158 to 236 of 1121]
73 51 42 58 78 205 335 525 546 284 272 311 480 383 306 34 -368 -913 -1094 -1128 -1193 -1240 -1553 -1751 -1853 -1880 -1897 -1832 -1823 -1792 -1725 -1462 -1413 -1128 -783 -45 -1 -1 3 5 11 13 19 27 42 59 90 106 135 177 201 206 295 189 284 447 262 407 705 1113 813 722 1218 1502 1470 1787 1635 2233 2069 1305 2059 2219 2010 1941 2315 2244 2295 2295 2245
208 109 39 41 60 123 173 226 189 214 213 308 472 768 402 195 -9 -126 -696 -1310 -1486 -1582 -1633 -1644 -1824 -1986 -1913 -1879 -1855 -1842 -1698 -1598 -1495 -1268 -1064 -576 1 -1 0 4 7 7 13 25 37 58 77 90 107 123 100 190 306 180 267 331 184 578 1239 1470 1762 553 1220 1549 1795 1843 1986 2052 1958 1251 2058 2309 2292 2092 2306 1997 2130 2214 2293
285 200 80 20 14 36 84 92 198 254 327 370 672 641 429 210 32 -43 83 -388 -901 -1503 -1588 -1743 -1810 -1926 -1922 -1900 -1865 -1810 -1699 -1610 -1607 -1382 -1004 -851 -230 -37 -1 1 4 5 6 14 28 40 51 63 76 88 85 69 82 221 116 231 353 347 625 1529 1599 799 749 1599 1642 1808 2036 2212 722 2054 1747 1867 2242 2179 2397 2242 2200 2195 2289
476 238 98 36 2 8 53 85 125 229 474 501 858 373 563 618 239 16 -8 -97 -262 -881 -1383 -1651 -1870 -1917 -1893 -1902 -1856 -1791 -1756 -1670 -1614 -1529 -1343 -1199 -900 -374 -25 -4 1 -5 -33 -6 14 25 31 37 49 50 42 87 162 151 380 223 484 489 1314 1597 1346 571 1622 1000 1400 1670 1863 2099 1098 1860 1060 1694 2044 1907 2293 2266 2275 2314 2236
373 166 95 52 3 5 7 61 154 274 503 668 946 854 579 386 296 110 22 5 -64 -385 -1348 -1564 -1758 -1908 -1951 -1836 -1735 -1818 -1753 -1709 -1675 -1544 -1478 -1380 -1267 -840 -377 -62 -27 -11 -4 3 3 9 16 17 26 34 65 97 189 371 458 501 484 581 510 709 1468 567 1201 927 1130 1009 1358 1285 1034 1747 739 2039 2137 2038 2235 2294 2418 2403 2298
297 159 76 66 11 1 2 90 150 354 456 716 740 1261 653 604 349 269 74 -35 -68 -139 -738 -1055 -1453 -1746 -1962 -1850 -1824 -1808 -1760 -1694 -1663 -1613 -1459 -1379 -1287 -1233 -645 -211 -68 -37 -35 -13 -2 4 11 20 21 27 53 107 153 251 398 1307 335 348 517 831 699 785 519 656 676 1073 676 402 482 824 971 1274 2309 2107 2223 2044 2414 2463 2331
12 20 8 7 14 2 17 154 216 257 455 519 709 796 708 589 503 266 68 73 -21 -2 -253 -816 -1081 -1335 -1862 -1837 -1792 -1805 -1770 -1726 -1674 -1600 -1510 -1476 -1301 -1238 -938 -793 -121 -50 -47 -26 -3 4 5 12 12 25 52 81 220 235 250 383 258 320 643 328 330 505 416 249 334 368 404 959 439 539 748 1558 2067 2147 2402 2330 2234 2489 2402
62 0 0 2 -1 5 4 159 247 266 404 559 922 1236 1397 628 989 242 73 310 92 52 51 -233 -618 -837 -1129 -1227 -1619 -1777 -1774 -1751 -1686 -1539 -1564 -1576 -1401 -1301 -1138 -887 -729 -68 -38 -34 -13 1 5 5 8 13 30 45 99 123 298 250 199 297 319 915 173 222 203 659 651 1090 1505 1865 1220 520 641 1315 1265 1898 2282 2221 2534 2475 2405
12 -23 -24 -8 1 -1 3 109 120 282 348 444 608 720 1053 531 671 360 293 148 9 9 319 80 -78 -566 -755 -965 -1101 -1543 -1639 -1733 -1707 -1625 -1547 -1504 -1410 -1326 -1262 -1117 -1038 -950 -443 -24 -46 -7 1 1 2 -1 13 45 69 118 166 250 175 204 249 397 192 247 279 223 710 911 888 1908 1317 969 1179 829 723 1212 1439 1898 2554 2509 2283
-37 -40 -39 -30 -20 -5 -1 18 159 247 330 376 440 582 364 496 700 1067 334 407 181 -1 13 188 38 -102 -576 -775 -1024 -1211 -1353 -1556 -1699 -1554 -1526 -1464 -1476 -1478 -1267 -1106 -1034 -867 -786 -494 -153 -75 -34 -17 -12 -14 3 24 52 89 136 209 234 158 188 331 243 181 615 326 736 656 516 1613 1334 2053 1006 643 1919 2096 1094 1039 1935 1249 1823
-72 -58 -62 -44 -36 -28 -14 4 9 94 217 290 281 297 327 774 725 825 689 739 453 284 -1 27 3 -44 -384 -662 -902 -1217 -1316 -1536 -1596 -1513 -1480 -1454 -1417 -1366 -1185 -1094 -1019 -883 -760 -696 -487 -244 -28 -76 -47 -29 -15 0 28 59 99 145 450 171 125 182 112 211 235 628 799 866 699 1017 1537 2151 2013 1215 927 2037 1507 2160 2205 1913 2386
-93 -79 -71 -49 -44 -40 -33 -23 -3 8 72 94 224 181 266 512 498 594 820 566 666 768 221 186 118 196 -322 -539 -520 -398 -1282 -1586 -1714 -2206 -1972 -1523 -1252 -1245 -1199 -1132 -1133 -924 -756 -616 -568 -397 -169 -65 -54 -42 -26 -16 7 25 62 92 368 171 102 147 125 186 303 724 966 722 902 1206 1454 1710 1832 1634 1420 1368 2408 2214 1912 1356 2213
-82 -82 -79 -49 -49 -48 -45 -39 -31 -10 31 100 137 132 342 579 729 306 571 342 356 380 366 184 124 55 -106 -364 -500 -568 -1006 -1393 -1672 -2011 -2718 -2033 -1399 -1293 -1253 -1239 -1266 -1044 -782 -584 -356 -455 -340 -154 -64 -60 -33 -11 3 12 33 55 139 180 78 73 111 190 304 607 538 655 809 1167 1342 1453 705 1530 1698 1385 1542 2238 2313 1769 2054
-37 -90 -84 -75 -69 -66 -63 -65 -58 -60 -37 -4 49 94 250 358 344 224 449 335 326 496 425 419 76 190 146 -199 -227 -658 -570 -611 -1294 -1531 -2345 -2548 -1856 -1521 -1244 -1369 -1439 -1153 -918 -718 -562 -460 -443 -274 -120 -81 -33 -10 -1 -3 12 28 83 92 58 102 166 489 415 304 581 683 993 1574 1393 826 773 1173 1881 1570 1356 2341 1718 2285 1744
-107 -78 -88 -96 -93 -93 -86 -79 -69 -68 -77 -54 -36 0 2 22 232 197 304 327 612 527 537 516 118 47 18 -162 -439 -562 -378 -529 -1036 -1128 -1603 -2465 -2293 -2252 -2279 -1641 -1351 -1215 -937 -795 -619 -89 -499 -274 -106 -67 -29 -3 10 4 5 21 53 74 56 161 176 495 572 231 455 972 1034 1109 1080 875 465 1209 1411 2015 1479 1336 2230 2321 2065
-226 -131 -123 -115 -119 -107 -107 -94 -76 -75 -80 -69 -66 -47 -33 59 116 171 225 442 576 541 618 622 278 129 189 -61 -165 -127 -149 -568 -869 -1074 -1140 -1545 -2277 -2349 -2235 -1788 -1594 -1347 -1106 -956 -660 -25 -194 -135 -26 -90 -19 4 16 4 6 18 64 147 42 134 222 303 631 253 424 793 797 1116 486 1068 611 784 1191 1302 1748 996 1602 1099 2316
-551 -362 -251 -214 -147 -123 -122 -114 -98 -84 -78 -72 -63 -62 -42 -8 59 91 113 247 481 420 475 811 902 361 168 0 -174 -13 -14 -548 -887 -1116 -1221 -1331 -1316 -1875 -2268 -2051 -1752 -1474 -1259 -1093 -715 -599 -198 -4 -32 -39 2 9 4 10 77 45 91 29 65 273 226 265 248 167 248 262 635 978 459 575 1372 1066 767 890 1717 1582 1073 1331 2462
-1066 -783 -426 -235 -210 -160 -106 -118 -104 -103 -87 -77 -64 -58 -49 -31 -9 61 45 187 203 447 360 688 882 575 80 -56 -146 251 25 -634 -953 -994 -1123 -1229 -1349 -1324 -1557 -1958 -1908 -1759 -1355 -1148 -904 -639 -333 -128 -119 -27 2 7 10 41 199 32 20 32 63 116 146 109 105 154 146 189 257 471 326 375 693 1405 850 572 765 1133 903 1239 2540
-1405 -889 -408 -119 -112 -201 -194 -116 -110 -90 -97 -92 -80 -65 -55 -37 -19 18 78 64 175 334 348 418 767 636 389 -76 -33 -155 -230 -614 -571 -364 -1014 -1173 -1364 -1447 -1516 -1648 -1900 -1988 -1614 -1386 -1303 -1011 -692 -224 -46 -12 1 4 6 10 13 18 24 27 40 67 122 68 89 85 113 103 189 235 256 324 819 1753 1399 1205 657 1132 705 933 1352
-1559 -863 -336 -239 -140 -89 -164 -130 -118 -103 -101 -93 -84 -69 -62 -43 -29 -6 29 68 122 182 282 508 590 632 808 16 12 -251 -136 -338 -463 -216 -441 -1175 -960 -1273 -1613 -1769 -1752 -1970 -1485 -1453 -1344 -1178 -1032 -520 -75 -24 1 2 4 6 9 14 17 15 28 42 46 50 56 64 73 119 215 311 185 326 500 2029 1509 1370 751 703 1140 1712 1311
-724 -932 -905 -574 -322 -72 -203 -194 -158 -116 -104 -89 -89 -84 -68 -46 -34 -15 15 32 84 174 186 311 465 516 550 107 -1 -190 0 -277 -526 -50 -256 -1201 -1162 -1412 -1650 -1846 -2010 -2188 -2274 -1615 -1280 -1092 -976 -765 -354 -16 0 -1 2 5 4 10 8 12 18 25 34 33 33 38 76 103 161 526 263 319 401 1309 1365 1433 1113 764 816 1291 2181
-1185 -283 -349 -715 -523 -150 -175 -227 -90 -164 -138 -131 -110 -90 -85 -77 -40 -22 6 31 50 72 140 268 328 288 513 615 235 -35 -29 -252 -600 -215 -147 -957 -1237 -1497 -1761 -2000 -2081 -2044 -2306 -2389 -2218 -2010 -1079 -646 -498 -335 -3 0 0 -1 -1 -12 1 7 10 16 21 22 23 35 52 71 114 151 331 363 288 619 617 965 1312 1032 1363 931 2236
-1434 -875 -293 -223 -530 -316 -105 -240 -225 -181 -163 -139 -102 -108 -89 -74 -47 -26 7 26 36 40 68 197 209 318 310 380 328 11 -63 -99 -432 -119 -326 -1077 -1208 -1431 -1833 -2055 -2064 -2024 -2111 -2082 -2106 -2818 -2246 -997 -681 -894 -611 -35 -11 -1 0 13 9 2 5 6 12 15 18 24 33 62 76 109 223 327 215 314 394 703 1047 777 1212 833 1485
-2233 -1448 -975 -920 -711 -440 -106 -187 -313 -236 -206 -154 -115 -120 -90 -79 -52 -23 7 6 13 31 70 110 120 283 245 388 465 735 372 -135 -662 -677 -527 -716 -1044 -1136 -1723 -2110 -2162 -2160 -2078 -1892 -2592 -2760 -2916 -2423 -1996 -1656 -175 -76 -25 -8 -1 -2 7 7 1 4 8 13 11 13 19 41 53 67 87 137 302 351 333 613 975 879 1366 697 1026
-2643 -1871 -1561 -1291 -1164 -800 -192 -106 -217 -316 -256 -178 -138 -103 -92 -83 -50 -19 11 26 21 27 37 66 127 159 337 379 385 408 480 -16 -540 -872 -1071 -864 -999 -1160 -1481 -1986 -2241 -2322 -2199 -2471 -3208 -2258 -2108 -2227 -2113 -1890 -841 -168 -48 -27 -12 -6 -2 2 1 1 2 5 4 2 18 28 68 334 103 238 324 468 256 316 642 282 955 809 2040
-3350 -2886 -2012 -1670 -1410 -1135 -683 -252 -95 -260 -436 -247 -155 -120 -96 -83 -46 -8 8 26 24 29 44 63 85 129 256 269 486 382 493 97 -540 -858 -112 -817 -1430 -1431 -1504 -1891 -2224 -2361 -2469 -2703 -2968 -2469 -2282 -2271 -2137 -2085 -1918 -1423 -644 -290 -48 -29 -14 -10 -3 -5 1 1 -26 -17 10 18 46 73 159 173 424 233 285 264 258 280 289 600 545
-3649 -3173 -2419 -1898 -1665 -1307 -1050 -432 -238 -115 -552 -385 -193 -144 -98 -79 -38 -2 2 17 33 37 43 63 81 128 197 279 319 360 413 135 -285 -717 -569 -932 -1173 -1499 -1631 -1812 -2206 -2436 -2475 -1960 -1805 -2351 -2395 -2319 -2190 -2131 -2035 -1910 -1571 -1186 -403 -27 -20 -14 -10 -7 -5 -2 2 -1 4 8 27 56 204 170 117 176 481 192 289 314 503 1031 654
-3753 -3367 -2712 -2221 -1769 -1497 -1459 -1317 -927 -221 -342 -411 -222 -147 -101 -73 -29 -2 2 28 28 38 49 56 72 93 130 210 249 408 577 377 2 -158 -81 -584 -635 -1167 -1675 -1618 -1714 -2062 -2003 -1453 -1214 -1414 -1543 -2634 -2261 -1947 -1970 -1832 -1790 -1439 -533 -108 -37 -25 -18 -22 -11 -12 -2 -1 -1 5 11 61 160 110 80 87 195 403 148 275 844 1162 1189
-3725 -3604 -3047 -2535 -1960 -1579 -1170 -1607 -1189 -438 -221 -203 -243 -187 -102 -67 -17 -1 4 28 37 34 46 55 67 97 134 210 235 266 336 440 269 -15 -77 -8 -137 -477 -1482 -1416 -1435 -1917 -1637 -1424 -1509 -1325 -1290 -2355 -2386 -1766 -1832 -1749 -1649 -1498 -1208 -370 -61 -40 -39 -28 -21 -20 -20 -6 -1 -1 -2 10 30 63 45 63 291 320 142 327 429 499 1009
-3652 -3742 -3585 -2745 -2090 -1706 -1213 -1562 -1460 -538 -287 -180 -137 -202 -112 -53 -6 -5 5 18 28 31 36 49 70 91 114 188 231 296 389 545 567 515 -20 264 8 -537 -1398 -931 -1328 -1543 -1535 -1677 -1507 -1638 -1551 -1738 -1937 -1570 -1269 -1523 -1649 -1438 -1382 -1083 -274 -136 -70 -108 -45 -48 -33 -22 -2 -1 2 1 7 247 23 55 130 123 111 195 538 225 450
-3527 -3736 -3732 -3251 -2681 -2134 -1564 -1381 -1555 -986 -294 -226 -129 -122 -105 -41 -2 2 3 29 20 20 24 39 58 81 120 170 201 328 386 391 490 574 188 -58 66 -575 -1001 -774 -672 -1213 -1366 -1487 -1590 -1699 -1753 -1776 -2116 -2214 -2752 -2008 -1605 -1433 -1182 -1018 -583 -318 -179 -302 -453 -125 -141 -21 -4 3 4 3 2 8 11 27 53 78 51 119 179 182 253
-3480 -3529 -3753 -3743 -3333 -2528 -2070 -1791 -1349 -874 -455 -365 -220 -130 -109 -22 -3 -5 2 0 10 19 17 30 42 72 110 142 125 185 248 424 351 420 732 -37 -23 -203 -841 -535 -498 -238 -1014 -872 -1483 -1403 -1732 -2006 -2017 -2246 -2376 -3068 -3444 -2020 -1288 -1243 -654 -840 -557 -341 -384 -625 -172 -51 -16 -14 -1 0 3 7 7 15 21 30 40 60 120 128 173
-3451 -3706 -3702 -3725 -3610 -2896 -2372 -1848 -1020 -925 -738 -481 -265 -179 -117 -96 -37 -3 -1 -1 17 22 6 16 28 59 101 85 142 173 266 249 298 608 74 -46 -172 -275 -868 -580 -365 -210 -934 -787 -1064 -1254 -1516 -1755 -1885 -2073 -2311 -2494 -3052 -2767 -1986 -1759 -659 -1069 -1062 -898 -889 -799 -441 -316 -87 -26 -5 0 2 8 11 10 18 26 55 307 111 299 186
-3469 -3693 -3687 -3660 -3641 -3393 -2807 -2134 -1496 -1191 -941 -522 -411 -276 -182 -114 -101 39 -1 -3 -1 5 34 7 26 59 56 87 130 169 174 188 350 618 5 -113 -367 -341 -401 -219 -499 -733 -895 -956 -1123 -1236 -1242 -1442 -1749 -1977 -2236 -2437 -2480 -2907 -3100 -2366 -833 -1423 -1427 -1265 -1211 -1054 -999 -881 -631 -285 -14 0 1 3 3 6 7 14 29 85 105 222 263
-3634 -3610 -3675 -3657 -3611 -3561 -3286 -2418 -1849 -1392 -1166 -877 -571 -417 -245 -189 -102 -96 18 -1 -1 1 5 2 55 39 64 114 104 125 158 200 326 485 1 -68 -282 -272 69 -202 -524 -700 -647 -905 -837 -651 -1137 -1259 -1487 -1653 -2252 -2665 -2844 -3140 -2732 -2439 -1218 -1469 -1434 -1385 -1233 -1146 -1028 -956 -798 -402 -25 -18 -4 -1 2 4 4 5 25 40 95 121 204
