Challenge_3/RasterMaps/Central_America.asc
NCOLS        1121
NROWS        500
XLLCENTER    -126.741666666667
YLLCENTER    -5.441666666667
CELLSIZE     0.0833333333334
NODATA_VALUE -9999
[rows 70 to 104 of 500, columns 632 to 710 of 1121]
-4167 -4016 -3916 -3784 -4136 -4413 -4656 -4788 -4908 -4997 -4998 -5011 -5047 -5097 -5152 -5202 -5262 -5297 -5311 -5339 -5372 -5386 -5362 -5371 -5396 -5399 -5401 -5403 -5403 -5414 -5408 -5413 -5419 -5415 -5424 -5395 -5409 -5430 -5417 -5414 -5419 -5401 -5398 -5426 -5425 -5427 -5425 -5429 -5417 -5418 -5405 -5372 -5353 -5313 -5303 -5297 -5289 -5287 -5278 -5254 -5261 -5243 -5208 -5202 -5214 -5211 -5206 -5218 -5196 -5180 -5163 -5192 -5173 -5161 -5167 -5148 -5129 -5157 -5154
-4326 -4279 -4143 -3980 -3836 -4150 -4463 -4712 -4817 -4929 -4963 -4969 -4992 -5032 -5078 -5131 -5180 -5218 -5277 -5305 -5338 -5386 -5355 -5382 -5444 -5389 -5386 -5424 -5404 -5414 -5419 -5418 -5414 -5417 -5422 -5439 -5426 -5414 -5404 -5413 -5423 -5412 -5408 -5433 -5426 -5425 -5425 -5428 -5422 -5415 -5376 -5363 -5349 -5312 -5298 -5264 -5251 -5264 -5279 -5268 -5258 -5256 -5232 -5220 -5190 -5181 -5198 -5194 -5189 -5167 -5174 -5174 -5176 -5177 -5201 -5177 -5172 -5111 -5143
-4320 -4302 -4278 -4221 -4102 -3875 -4174 -4493 -4729 -4854 -4941 -4928 -4951 -4982 -5031 -5080 -5144 -5175 -5277 -5250 -5254 -5330 -5398 -5540 -5532 -5382 -5361 -5424 -5406 -5405 -5414 -5423 -5417 -5421 -5440 -5505 -5503 -5424 -5405 -5413 -5427 -5426 -5429 -5431 -5431 -5420 -5417 -5431 -5424 -5395 -5386 -5356 -5331 -5356 -5294 -5270 -5269 -5264 -5268 -5279 -5270 -5248 -5233 -5231 -5208 -5185 -5196 -5149 -5149 -5152 -5126 -5116 -5152 -5170 -5178 -5240 -5161 -5114 -5143
-4365 -4307 -4253 -4211 -4179 -4085 -3980 -4207 -4525 -4749 -4874 -4918 -4936 -4970 -5003 -5058 -5115 -5175 -5202 -5252 -5324 -5327 -5463 -5573 -5417 -5395 -5392 -5388 -5411 -5414 -5413 -5423 -5418 -5423 -5417 -5432 -5452 -5431 -5433 -5429 -5420 -5427 -5429 -5426 -5431 -5441 -5430 -5431 -5443 -5419 -5369 -5373 -5323 -5307 -5304 -5283 -5252 -5266 -5285 -5262 -5289 -5269 -5238 -5238 -5221 -5202 -5208 -5188 -5166 -5175 -5154 -5144 -5146 -5154 -5108 -5198 -5149 -5150 -5154
-4406 -4348 -4291 -4219 -4143 -4082 -3995 -4108 -4281 -4550 -4760 -4867 -4919 -4965 -4989 -5022 -5082 -5142 -5198 -5250 -5343 -5342 -5395 -5388 -5400 -5402 -5381 -5383 -5454 -5414 -5419 -5424 -5427 -5443 -5422 -5421 -5410 -5414 -5426 -5423 -5424 -5420 -5407 -5412 -5429 -5441 -5434 -5432 -5434 -5428 -5362 -5388 -5357 -5278 -5316 -5299 -5242 -5259 -5276 -5259 -5297 -5266 -5250 -5240 -5221 -5216 -5198 -5185 -5177 -5184 -5170 -5160 -5181 -5204 -5237 -5152 -5148 -5183 -5172
-4428 -4379 -4318 -4251 -4168 -4092 -4009 -3928 -4193 -4337 -4562 -4749 -4867 -4925 -4970 -4998 -5042 -5100 -5164 -5223 -5278 -5325 -5385 -5356 -5427 -5400 -5390 -5411 -5411 -5405 -5426 -5432 -5423 -5470 -5434 -5424 -5422 -5409 -5419 -5428 -5437 -5440 -5426 -5426 -5432 -5437 -5433 -5429 -5430 -5432 -5413 -5391 -5358 -5304 -5296 -5284 -5251 -5261 -5274 -5279 -5294 -5271 -5257 -5256 -5235 -5216 -5227 -5199 -5193 -5193 -5163 -5177 -5210 -5190 -5187 -5123 -5150 -5160 -5152
-4442 -4397 -4339 -4270 -4191 -4102 -4021 -3947 -3911 -4178 -4393 -4629 -4772 -4866 -4915 -4968 -4998 -5053 -5108 -5171 -5226 -5290 -5328 -5258 -5259 -5410 -5353 -5422 -5396 -5364 -5397 -5410 -5418 -5428 -5431 -5417 -5426 -5415 -5436 -5432 -5420 -5430 -5430 -5432 -5436 -5452 -5437 -5385 -5396 -5424 -5430 -5411 -5330 -5333 -5280 -5298 -5265 -5250 -5259 -5286 -5313 -5283 -5260 -5264 -5247 -5206 -5232 -5210 -5172 -5208 -5179 -5207 -5234 -5181 -5225 -5199 -5162 -5041 -5132
-4463 -4419 -4364 -4284 -4204 -4136 -4049 -3967 -3885 -3926 -4193 -4462 -4674 -4773 -4836 -4901 -4931 -4992 -5059 -5093 -5177 -5240 -5286 -5285 -5301 -5362 -5391 -5466 -5414 -5373 -5410 -5419 -5418 -5427 -5425 -5439 -5449 -5418 -5433 -5429 -5433 -5429 -5426 -5440 -5438 -5443 -5435 -5411 -5385 -5421 -5442 -5411 -5327 -5366 -5326 -5241 -5277 -5258 -5276 -5274 -5291 -5289 -5264 -5257 -5244 -5224 -5236 -5211 -5217 -5184 -5187 -5219 -5214 -5245 -5197 -5166 -5140 -5122 -5168
-4491 -4450 -4403 -4333 -4265 -4213 -4148 -4050 -3951 -3850 -4008 -4289 -4543 -4722 -4778 -4820 -4882 -4944 -4969 -5071 -5132 -5264 -5291 -5226 -5312 -5350 -5374 -5358 -5401 -5377 -5433 -5489 -5378 -5406 -5429 -5438 -5433 -5427 -5430 -5427 -5444 -5435 -5432 -5439 -5447 -5454 -5448 -5435 -5422 -5424 -5424 -5403 -5394 -5345 -5352 -5294 -5248 -5255 -5271 -5268 -5276 -5287 -5269 -5267 -5254 -5252 -5237 -5192 -5207 -5189 -5190 -5201 -5140 -5184 -5223 -5197 -5206 -5171 -5157
-4570 -4555 -4529 -4478 -4411 -4342 -4276 -4177 -4064 -3953 -3859 -4108 -4386 -4629 -4713 -4778 -4830 -4820 -4919 -5099 -5130 -5189 -5247 -5201 -5227 -5313 -5362 -5355 -5440 -5402 -5357 -5412 -5418 -5422 -5433 -5436 -5436 -5469 -5426 -5427 -5426 -5449 -5452 -5446 -5454 -5459 -5451 -5450 -5440 -5426 -5424 -5408 -5384 -5332 -5336 -5315 -5260 -5263 -5255 -5262 -5256 -5241 -5263 -5253 -5259 -5258 -5218 -5204 -5228 -5184 -5168 -5182 -5146 -5180 -5204 -5266 -5262 -5231 -5189
-4629 -4631 -4617 -4597 -4551 -4470 -4396 -4339 -4243 -4128 -4008 -3910 -4241 -4483 -4630 -4665 -4772 -4870 -4949 -5032 -5064 -5173 -5234 -5264 -5262 -5332 -5367 -5382 -5346 -5315 -5293 -5336 -5410 -5415 -5340 -5429 -5436 -5495 -5429 -5428 -5433 -5437 -5439 -5450 -5455 -5454 -5457 -5463 -5443 -5451 -5450 -5398 -5400 -5330 -5327 -5297 -5276 -5252 -5235 -5214 -5215 -5235 -5251 -5251 -5232 -5210 -5258 -5286 -5254 -5186 -5189 -5131 -5195 -5189 -5181 -5205 -5208 -5233 -5230
-4654 -4652 -4655 -4631 -4607 -4560 -4478 -4398 -4332 -4253 -4149 -4007 -3995 -4345 -4489 -4635 -4760 -4914 -4995 -5080 -4974 -5119 -5199 -5173 -5281 -5347 -5349 -5374 -5327 -5389 -5432 -5444 -5425 -5408 -5431 -5431 -5430 -5433 -5427 -5432 -5434 -5443 -5443 -5453 -5461 -5462 -5472 -5484 -5447 -5441 -5399 -5424 -5389 -5383 -5326 -5320 -5298 -5256 -5200 -5222 -5217 -5223 -5224 -5247 -5255 -5258 -5303 -5285 -5207 -5157 -5198 -5175 -5131 -5179 -5188 -5181 -5181 -5105 -5024
-4662 -4660 -4668 -4666 -4632 -4591 -4525 -4456 -4388 -4313 -4192 -4066 -4037 -4134 -4402 -4549 -4683 -4767 -4860 -5035 -4979 -5011 -5144 -5200 -5260 -5271 -5330 -5370 -5403 -5391 -5426 -5412 -5387 -5348 -5407 -5419 -5430 -5435 -5468 -5441 -5427 -5429 -5443 -5443 -5460 -5468 -5469 -5492 -5459 -5442 -5423 -5432 -5400 -5400 -5329 -5286 -5323 -5347 -5257 -5255 -5249 -5219 -5213 -5211 -5192 -5221 -5253 -5241 -5215 -5218 -5184 -5139 -5218 -5161 -4962 -5169 -5172 -5184 -4904
-4680 -4688 -4698 -4708 -4668 -4606 -4553 -4492 -4288 -4340 -4289 -4149 -4105 -4194 -4344 -4414 -4531 -4674 -4736 -4871 -4937 -4915 -5001 -5135 -5193 -5258 -5273 -5280 -5339 -5284 -5366 -5402 -5371 -5328 -5400 -5418 -5426 -5430 -5463 -5437 -5426 -5433 -5435 -5437 -5451 -5460 -5454 -5482 -5461 -5442 -5440 -5436 -5416 -5377 -5328 -5291 -5323 -5333 -5265 -5238 -5193 -5248 -5252 -5234 -5123 -5180 -5234 -5186 -5160 -5185 -5170 -5125 -5168 -5199 -5214 -5208 -5185 -5149 -5001
-4696 -4694 -4716 -4714 -4723 -4649 -4541 -4444 -4429 -4391 -4359 -4312 -4105 -4127 -4219 -4328 -4474 -4602 -4631 -4794 -4902 -4922 -4977 -4999 -5058 -5167 -5186 -5204 -5367 -5351 -5334 -5411 -5420 -5331 -5371 -5425 -5414 -5430 -5460 -5425 -5417 -5429 -5434 -5431 -5438 -5456 -5442 -5459 -5459 -5444 -5444 -5412 -5385 -5365 -5365 -5366 -5360 -5308 -5289 -5275 -5226 -5285 -5293 -5269 -5059 -5118 -5222 -5181 -5185 -5172 -5181 -5202 -5168 -5136 -5166 -5154 -5104 -5129 -5121
-4681 -4686 -4694 -4702 -4662 -4689 -4593 -4543 -4518 -4498 -4425 -4381 -4181 -4223 -4234 -4336 -4464 -4558 -4628 -4748 -4776 -4775 -4915 -4975 -5017 -5085 -5146 -5260 -5459 -5401 -5337 -5416 -5384 -5324 -5361 -5419 -5426 -5420 -5440 -5437 -5426 -5431 -5434 -5429 -5427 -5458 -5439 -5438 -5441 -5442 -5445 -5430 -5371 -5374 -5369 -5333 -5351 -5351 -5329 -5304 -5277 -5300 -5234 -5255 -5073 -5162 -5252 -5219 -5162 -5146 -5190 -5176 -5148 -5130 -5128 -5115 -5100 -5073 -5043
-4671 -4666 -4705 -4758 -4736 -4667 -4658 -4611 -4569 -4551 -4533 -4508 -4442 -4388 -4295 -4322 -4412 -4525 -4657 -4705 -4722 -4659 -4771 -4940 -4957 -5006 -5107 -5148 -5252 -5265 -5328 -5417 -5327 -5316 -5364 -5375 -5409 -5430 -5435 -5435 -5439 -5443 -5444 -5439 -5435 -5444 -5444 -5433 -5427 -5429 -5448 -5444 -5388 -5350 -5386 -5352 -5325 -5267 -5300 -5350 -5293 -5284 -5247 -5249 -5229 -5245 -5235 -5204 -5185 -5233 -5248 -5151 -5172 -5167 -5149 -5140 -5080 -5045 -5097
-4619 -4617 -4715 -4701 -4630 -4658 -4667 -4617 -4634 -4585 -4554 -4516 -4513 -4464 -4402 -4372 -4379 -4487 -4537 -4571 -4740 -4722 -4750 -4916 -4895 -4904 -5008 -5030 -5137 -5216 -5268 -5319 -5315 -5336 -5401 -5418 -5423 -5426 -5439 -5438 -5438 -5444 -5442 -5443 -5442 -5438 -5442 -5440 -5429 -5439 -5488 -5457 -5416 -5376 -5402 -5336 -5321 -5309 -5355 -5363 -5314 -5268 -5291 -5258 -5253 -5239 -5229 -5217 -5279 -5277 -5279 -5272 -5243 -5154 -5140 -5123 -5104 -5066 -5179
-4573 -4527 -4639 -4693 -4651 -4654 -4718 -4725 -4676 -4633 -4632 -4600 -4572 -4526 -4478 -4471 -4471 -4559 -4501 -4496 -4602 -4646 -4743 -4836 -4817 -4839 -4959 -4970 -5095 -5151 -5122 -5216 -5269 -5338 -5357 -5392 -5457 -5424 -5431 -5442 -5439 -5443 -5441 -5445 -5445 -5427 -5434 -5441 -5441 -5465 -5499 -5455 -5446 -5436 -5399 -5372 -5412 -5368 -5384 -5386 -5322 -5296 -5241 -5276 -5272 -5244 -5210 -5189 -5279 -5332 -5197 -5285 -5282 -5018 -4998 -5155 -5150 -5195 -5287
-4503 -4597 -4584 -4668 -4702 -4711 -4776 -4686 -4604 -4638 -4633 -4611 -4607 -4572 -4539 -4539 -4543 -4568 -4589 -4607 -4675 -4760 -4829 -4745 -4806 -4903 -4898 -4906 -5009 -5068 -5156 -5226 -5270 -5341 -5326 -5386 -5480 -5416 -5414 -5441 -5444 -5443 -5442 -5431 -5436 -5442 -5446 -5441 -5450 -5461 -5460 -5446 -5470 -5476 -5438 -5447 -5462 -5456 -5400 -5405 -5368 -5314 -5227 -5291 -5285 -5217 -5204 -5231 -5236 -5289 -5279 -5238 -5192 -5169 -5104 -5202 -5178 -5046 -5184
-4562 -4632 -4620 -4579 -4638 -4688 -4660 -4600 -4613 -4641 -4646 -4622 -4632 -4556 -4595 -4620 -4627 -4614 -4664 -4706 -4711 -4754 -4832 -4800 -4916 -4938 -4880 -4932 -5033 -5120 -5211 -5244 -5307 -5330 -5319 -5383 -5455 -5423 -5436 -5432 -5444 -5446 -5445 -5432 -5408 -5447 -5457 -5460 -5464 -5449 -5452 -5456 -5462 -5460 -5459 -5444 -5427 -5487 -5398 -5415 -5479 -5373 -5262 -5252 -5237 -5156 -5146 -5250 -5211 -5264 -5219 -5175 -5107 -5083 -5077 -5228 -5206 -5083 -5002
-4482 -4537 -4584 -4599 -4599 -4584 -4612 -4643 -4626 -4680 -4696 -4672 -4689 -4685 -4691 -4699 -4713 -4731 -4804 -4836 -4790 -4782 -4859 -4863 -4904 -4861 -4938 -5021 -5043 -5136 -5174 -5258 -5312 -5360 -5394 -5417 -5424 -5433 -5439 -5437 -5443 -5449 -5440 -5450 -5473 -5457 -5428 -5440 -5466 -5457 -5453 -5450 -5461 -5463 -5454 -5425 -5454 -5452 -5354 -5144 -5382 -5364 -5335 -5242 -5208 -5176 -5188 -5285 -5308 -5266 -5138 -5129 -5099 -5087 -5033 -5177 -5165 -4980 -5058
-4463 -4501 -4535 -4585 -4586 -4579 -4705 -4826 -4638 -4659 -4727 -4699 -4663 -4675 -4774 -4776 -4780 -4805 -4869 -4917 -4902 -4895 -4865 -4863 -4910 -4906 -4966 -5009 -5047 -5106 -5190 -5290 -5309 -5366 -5407 -5425 -5427 -5439 -5429 -5407 -5436 -5445 -5448 -5447 -5458 -5459 -5458 -5441 -5461 -5483 -5473 -5426 -5411 -5412 -5417 -5401 -5431 -5457 -5301 -5203 -5364 -5358 -5318 -5266 -5227 -5208 -5264 -5278 -5292 -5303 -5260 -5232 -5182 -5193 -5174 -5171 -4930 -4896 -4973
-4385 -4534 -4552 -4579 -4581 -4596 -4636 -4669 -4634 -4690 -4742 -4733 -4662 -4672 -4744 -4784 -4816 -4827 -4871 -4929 -4860 -4928 -4900 -4918 -4940 -4954 -4960 -5010 -5098 -5140 -5214 -5319 -5341 -5364 -5400 -5439 -5427 -5437 -5437 -5400 -5434 -5444 -5450 -5452 -5432 -5425 -5466 -5456 -5459 -5491 -5487 -5396 -5268 -5454 -5429 -5389 -5402 -5451 -5462 -5408 -5372 -5421 -5270 -5300 -5251 -5259 -5303 -5371 -5338 -5308 -5293 -5258 -5222 -5221 -5237 -5184 -5041 -4900 -5096
-4343 -4534 -4551 -4598 -4626 -4614 -4618 -4617 -4684 -4749 -4754 -4765 -4746 -4759 -4794 -4793 -4705 -4784 -4921 -4918 -4743 -4939 -4949 -4907 -4937 -4957 -4966 -5031 -5102 -5204 -5251 -5299 -5335 -5335 -5392 -5430 -5411 -5436 -5448 -5410 -5430 -5452 -5445 -5457 -5435 -5415 -5452 -5456 -5462 -5488 -5449 -5347 -5441 -5467 -5368 -5412 -5432 -5412 -5427 -5431 -5371 -5365 -5310 -5251 -5280 -5255 -5331 -5346 -5327 -5333 -5295 -5247 -5242 -5267 -5290 -5253 -4997 -4875 -5060
-4339 -4403 -4439 -4526 -4588 -4599 -4621 -4664 -4627 -4676 -4760 -4770 -4774 -4782 -4821 -4834 -4808 -4860 -4917 -4972 -4960 -4953 -4953 -4857 -4890 -4928 -4970 -5008 -5124 -5188 -5238 -5305 -5339 -5346 -5397 -5411 -5419 -5437 -5442 -5432 -5426 -5451 -5451 -5456 -5458 -5443 -5445 -5450 -5457 -5456 -5478 -5432 -5444 -5454 -5382 -5403 -5393 -5358 -5440 -5425 -5314 -5309 -5239 -5216 -5176 -5252 -5250 -5353 -5330 -5275 -5255 -5185 -5110 -5234 -5249 -5269 -5156 -5123 -5152
-4315 -4402 -4430 -4472 -4532 -4572 -4607 -4635 -4658 -4700 -4760 -4789 -4806 -4836 -4774 -4813 -4895 -4855 -4912 -4957 -4948 -4960 -4943 -4881 -4920 -4963 -4966 -5055 -5158 -5203 -5253 -5285 -5287 -5367 -5406 -5405 -5417 -5410 -5426 -5447 -5446 -5451 -5452 -5449 -5459 -5460 -5445 -5458 -5472 -5439 -5475 -5495 -5490 -5468 -5445 -5442 -5428 -5369 -5374 -5369 -5271 -5242 -5204 -5198 -5261 -5258 -5201 -5371 -5345 -5288 -5258 -5250 -4890 -5119 -5305 -5290 -5263 -5285 -5271
-4304 -4413 -4441 -4496 -4563 -4575 -4590 -4629 -4665 -4693 -4743 -4772 -4793 -4847 -4823 -4848 -4907 -4845 -4923 -4961 -4958 -4958 -4918 -4894 -4888 -4964 -4998 -5012 -5142 -5216 -5268 -5290 -5304 -5371 -5374 -5382 -5416 -5430 -5455 -5452 -5452 -5451 -5454 -5452 -5462 -5464 -5452 -5464 -5474 -5477 -5494 -5490 -5498 -5475 -5454 -5452 -5428 -5378 -5338 -5355 -5299 -5289 -5229 -5221 -5280 -5148 -5070 -5329 -5294 -5326 -5237 -5254 -5297 -5245 -5340 -5333 -5265 -5298 -5134
-4384 -4469 -4522 -4557 -4552 -4575 -4590 -4620 -4664 -4701 -4749 -4792 -4786 -4787 -4884 -4932 -4886 -4929 -4916 -4942 -4931 -4935 -4894 -4917 -4955 -4979 -5000 -5044 -5125 -5205 -5263 -5301 -5356 -5387 -5394 -5422 -5408 -5429 -5453 -5439 -5443 -5450 -5457 -5459 -5466 -5464 -5459 -5475 -5481 -5481 -5484 -5468 -5498 -5487 -5447 -5383 -5372 -5358 -5345 -5319 -5282 -5268 -5239 -5200 -5325 -5287 -5249 -5290 -5291 -5059 -4619 -5072 -5224 -5028 -5179 -5304 -5170 -5107 -5078
-4373 -4547 -4580 -4526 -4582 -4573 -4599 -4600 -4638 -4705 -4739 -4767 -4770 -4775 -4896 -4981 -4899 -4910 -4912 -4913 -4887 -4893 -4886 -4883 -4905 -4991 -5014 -5066 -5123 -5210 -5266 -5314 -5356 -5387 -5421 -5448 -5425 -5432 -5445 -5437 -5447 -5454 -5462 -5454 -5467 -5453 -5466 -5471 -5489 -5469 -5465 -5473 -5469 -5465 -5452 -5417 -5386 -5383 -5328 -5319 -5274 -5260 -5233 -5219 -5260 -5384 -5324 -5238 -5240 -5158 -5119 -5134 -5260 -4938 -5136 -5182 -5207 -5003 -4961
-4345 -4490 -4543 -4557 -4538 -4544 -4613 -4591 -4654 -4704 -4700 -4741 -4797 -4801 -4887 -4945 -4877 -4841 -4887 -4871 -4852 -4836 -4836 -4874 -4892 -5002 -5038 -5108 -5167 -5191 -5192 -5283 -5371 -5410 -5421 -5427 -5433 -5433 -5446 -5452 -5452 -5454 -5453 -5465 -5473 -5456 -5456 -5464 -5468 -5453 -5467 -5486 -5462 -5457 -5458 -5418 -5405 -5375 -5338 -5322 -5284 -5290 -5238 -5284 -5236 -5321 -5247 -5246 -5261 -5278 -5245 -5310 -5143 -5026 -5291 -5181 -5086 -4922 -4969
-4377 -4455 -4537 -4596 -4561 -4580 -4630 -4647 -4676 -4710 -4761 -4770 -4850 -4826 -4878 -4947 -4888 -4857 -4858 -4860 -4875 -4875 -4915 -4954 -4907 -5020 -5063 -5163 -5224 -5241 -5232 -5300 -5420 -5447 -5409 -5412 -5439 -5441 -5445 -5455 -5461 -5456 -5457 -5466 -5455 -5457 -5462 -5470 -5461 -5457 -5461 -5464 -5460 -5459 -5452 -5426 -5405 -5361 -5338 -5283 -5253 -5310 -5296 -5249 -5242 -5239 -5233 -5291 -5316 -5288 -5254 -5328 -5237 -5125 -5147 -5058 -5019 -5042 -4894
-4440 -4486 -4500 -4552 -4579 -4607 -4641 -4674 -4714 -4761 -4853 -4804 -4835 -4884 -4896 -4945 -4908 -4899 -4917 -4894 -4935 -4957 -4935 -4954 -4946 -5013 -5063 -5135 -5182 -5244 -5273 -5322 -5432 -5447 -5405 -5414 -5445 -5443 -5440 -5466 -5467 -5465 -5463 -5462 -5462 -5457 -5460 -5469 -5465 -5459 -5436 -5460 -5447 -5440 -5445 -5434 -5372 -5345 -5333 -5339 -5285 -5255 -5289 -5259 -5267 -5321 -5281 -5299 -5313 -5219 -5212 -5144 -5307 -5183 -5135 -5069 -4972 -4969 -4825
-4363 -4438 -4478 -4489 -4574 -4624 -4654 -4714 -4715 -4775 -4901 -4899 -4949 -5014 -4976 -4925 -4914 -4906 -4921 -4917 -4945 -5045 -4949 -4926 -4997 -5050 -5066 -5136 -5173 -5247 -5299 -5296 -5359 -5427 -5442 -5427 -5442 -5448 -5469 -5506 -5467 -5458 -5472 -5465 -5472 -5466 -5462 -5463 -5460 -5466 -5456 -5453 -5419 -5399 -5437 -5426 -5363 -5326 -5316 -5283 -5280 -5195 -5251 -5241 -5317 -5330 -5292 -5293 -5272 -5412 -5273 -5222 -5222 -5204 -5106 -5137 -5096 -5000 -4905
-4383 -4462 -4489 -4509 -4625 -4653 -4695 -4747 -4810 -4891 -4917 -4918 -4945 -5037 -5019 -4995 -4986 -4985 -4948 -4958 -4964 -5040 -4986 -4997 -5069 -5082 -5137 -5220 -5207 -5240 -5289 -5296 -5334 -5408 -5462 -5433 -5436 -5473 -5509 -5493 -5438 -5458 -5470 -5470 -5470 -5475 -5455 -5468 -5465 -5474 -5459 -5442 -5419 -5395 -5385 -5418 -5369 -5353 -5321 -5293 -5289 -5295 -5304 -5287 -5336 -5319 -5310 -5318 -5317 -5376 -5364 -5260 -5240 -5252 -5121 -5052 -5006 -5027 -5129
