Challenge_3/RasterMaps/Central_America.asc
NCOLS        1121
NROWS        500
XLLCENTER    -126.741666666667
YLLCENTER    -5.441666666667
CELLSIZE     0.0833333333334
NODATA_VALUE -9999
[rows 35 to 69 of 500, columns 632 to 710 of 1121]
-4616 -4676 -4740 -4746 -4771 -4812 -4840 -4866 -4945 -5015 -5079 -5172 -5211 -5152 -5131 -5143 -5165 -5194 -5214 -5280 -5286 -5260 -5281 -5300 -5296 -5311 -5328 -5324 -5341 -5328 -5350 -5386 -5381 -5425 -5410 -5400 -5405 -5399 -5394 -5403 -5403 -5400 -5406 -5399 -5406 -5397 -5392 -5396 -5395 -5403 -5409 -5408 -5403 -5395 -5385 -5384 -5370 -5334 -5335 -5334 -5326 -5317 -5311 -5288 -5265 -5253 -5238 -5222 -5197 -5192 -5185 -5172 -5167 -5154 -5161 -5160 -5154 -5135 -5130
-4633 -4712 -4721 -4786 -4817 -4862 -4912 -4941 -5015 -5035 -5086 -5178 -5237 -5216 -5204 -5189 -5189 -5192 -5234 -5265 -5259 -5292 -5299 -5327 -5327 -5335 -5349 -5350 -5368 -5372 -5391 -5390 -5391 -5399 -5403 -5401 -5399 -5398 -5401 -5401 -5406 -5399 -5396 -5403 -5401 -5411 -5407 -5401 -5397 -5404 -5412 -5410 -5404 -5389 -5373 -5359 -5360 -5389 -5343 -5333 -5329 -5316 -5311 -5284 -5257 -5240 -5211 -5185 -5174 -5175 -5165 -5152 -5167 -5154 -5153 -5181 -5202 -5160 -5135
-4674 -4724 -4790 -4767 -4836 -4900 -4951 -4996 -5078 -5076 -5101 -5153 -5222 -5236 -5255 -5257 -5234 -5241 -5247 -5255 -5278 -5312 -5335 -5338 -5337 -5354 -5363 -5376 -5379 -5377 -5366 -5381 -5401 -5404 -5395 -5400 -5403 -5404 -5408 -5412 -5410 -5433 -5403 -5414 -5413 -5414 -5409 -5403 -5404 -5406 -5412 -5409 -5395 -5388 -5365 -5362 -5354 -5368 -5374 -5343 -5326 -5298 -5305 -5289 -5264 -5244 -5208 -5165 -5174 -5162 -5154 -5143 -5149 -5132 -5124 -5146 -5169 -5160 -5108
-4718 -4766 -4789 -4816 -4882 -4933 -4986 -5021 -5066 -5111 -5126 -5144 -5190 -5250 -5252 -5263 -5286 -5277 -5280 -5287 -5293 -5297 -5305 -5312 -5348 -5369 -5370 -5375 -5377 -5390 -5410 -5387 -5400 -5395 -5397 -5404 -5400 -5398 -5409 -5403 -5426 -5410 -5411 -5413 -5408 -5399 -5407 -5405 -5407 -5414 -5399 -5401 -5394 -5384 -5373 -5382 -5374 -5357 -5340 -5329 -5335 -5302 -5286 -5288 -5282 -5243 -5205 -5127 -5166 -5163 -5156 -5144 -5136 -5121 -5110 -5113 -5106 -5099 -5075
-4751 -4770 -4821 -4849 -4877 -4962 -5017 -5059 -5099 -5126 -5161 -5170 -5189 -5175 -5195 -5266 -5288 -5317 -5309 -5306 -5302 -5324 -5326 -5331 -5326 -5360 -5372 -5353 -5377 -5411 -5410 -5391 -5393 -5388 -5389 -5394 -5401 -5394 -5404 -5411 -5418 -5412 -5418 -5416 -5414 -5414 -5409 -5414 -5414 -5411 -5390 -5387 -5373 -5367 -5367 -5379 -5353 -5338 -5333 -5332 -5330 -5305 -5300 -5280 -5244 -5216 -5192 -5148 -5172 -5182 -5164 -5150 -5157 -5142 -5137 -5123 -5111 -5134 -5109
-4831 -4853 -4868 -4861 -4892 -4984 -4989 -5090 -5120 -5146 -5166 -5193 -5222 -5195 -5252 -5289 -5288 -5307 -5325 -5347 -5349 -5345 -5341 -5392 -5340 -5367 -5371 -5363 -5381 -5378 -5386 -5383 -5388 -5387 -5385 -5391 -5397 -5401 -5413 -5424 -5419 -5416 -5419 -5422 -5426 -5416 -5414 -5416 -5416 -5412 -5395 -5392 -5380 -5362 -5353 -5340 -5341 -5333 -5332 -5339 -5332 -5323 -5305 -5296 -5280 -5247 -5162 -5167 -5185 -5191 -5177 -5169 -5166 -5152 -5129 -5121 -5186 -5156 -5112
-4838 -4869 -4910 -4939 -4931 -4981 -5027 -5111 -5148 -5165 -5178 -5207 -5229 -5244 -5249 -5266 -5273 -5308 -5347 -5332 -5344 -5346 -5351 -5380 -5363 -5369 -5370 -5371 -5384 -5388 -5384 -5386 -5388 -5388 -5383 -5394 -5401 -5405 -5412 -5413 -5409 -5417 -5414 -5414 -5417 -5414 -5413 -5413 -5415 -5409 -5410 -5383 -5387 -5365 -5350 -5338 -5342 -5325 -5313 -5311 -5324 -5322 -5278 -5276 -5238 -5206 -5179 -5181 -5177 -5180 -5174 -5169 -5172 -5162 -5149 -5151 -5159 -5131 -5089
-4820 -4854 -4939 -4980 -4977 -4994 -5037 -5097 -5127 -5178 -5210 -5218 -5247 -5259 -5270 -5233 -5290 -5316 -5329 -5337 -5355 -5364 -5367 -5362 -5362 -5380 -5388 -5386 -5386 -5383 -5385 -5382 -5390 -5386 -5395 -5402 -5405 -5408 -5408 -5413 -5418 -5417 -5413 -5412 -5410 -5405 -5415 -5407 -5409 -5403 -5394 -5393 -5391 -5361 -5347 -5344 -5337 -5335 -5329 -5347 -5330 -5317 -5293 -5249 -5225 -5207 -5171 -5189 -5004 -5184 -5192 -5171 -5160 -5157 -5137 -5115 -5120 -5125 -5108
-4854 -4914 -4973 -5008 -5027 -5044 -5052 -5082 -5132 -5190 -5222 -5243 -5247 -5272 -5296 -5283 -5285 -5302 -5327 -5335 -5348 -5391 -5364 -5398 -5387 -5377 -5385 -5388 -5389 -5387 -5385 -5388 -5392 -5397 -5398 -5400 -5405 -5405 -5411 -5412 -5417 -5414 -5420 -5424 -5413 -5414 -5415 -5397 -5404 -5414 -5407 -5383 -5357 -5353 -5361 -5336 -5329 -5326 -5330 -5324 -5304 -5288 -5261 -5265 -5237 -5187 -5164 -5167 -5191 -5207 -5205 -5191 -5171 -5173 -5139 -5127 -5118 -5114 -5096
-4886 -4927 -4988 -5027 -5062 -5116 -5098 -5127 -5155 -5185 -5218 -5258 -5271 -5286 -5297 -5309 -5301 -5320 -5332 -5349 -5357 -5362 -5367 -5372 -5375 -5381 -5388 -5384 -5386 -5388 -5391 -5392 -5394 -5395 -5398 -5401 -5398 -5400 -5403 -5414 -5408 -5419 -5420 -5417 -5414 -5413 -5416 -5419 -5411 -5416 -5411 -5403 -5378 -5360 -5360 -5342 -5336 -5329 -5337 -5322 -5307 -5290 -5276 -5252 -5268 -5223 -5166 -5161 -5188 -5205 -5212 -5190 -5175 -5156 -5123 -5130 -5123 -5108 -5092
-4874 -4926 -4978 -5049 -5083 -5115 -5131 -5159 -5159 -5192 -5227 -5256 -5286 -5300 -5298 -5315 -5320 -5313 -5316 -5347 -5361 -5369 -5367 -5355 -5368 -5389 -5379 -5383 -5392 -5389 -5389 -5391 -5397 -5399 -5397 -5400 -5402 -5400 -5402 -5409 -5408 -5413 -5416 -5414 -5414 -5412 -5412 -5412 -5414 -5394 -5400 -5397 -5383 -5369 -5362 -5339 -5328 -5319 -5318 -5311 -5322 -5301 -5279 -5256 -5229 -5220 -5174 -5165 -5200 -5202 -5205 -5184 -5178 -5148 -5140 -5143 -5125 -5109 -5095
-4918 -4992 -5007 -5025 -5100 -5135 -5139 -5167 -5214 -5206 -5266 -5297 -5264 -5302 -5323 -5315 -5326 -5349 -5344 -5353 -5365 -5369 -5363 -5379 -5371 -5355 -5349 -5380 -5395 -5388 -5390 -5398 -5391 -5385 -5394 -5406 -5402 -5404 -5408 -5409 -5415 -5411 -5411 -5421 -5410 -5409 -5418 -5419 -5413 -5404 -5412 -5398 -5388 -5345 -5339 -5340 -5336 -5331 -5316 -5311 -5304 -5299 -5282 -5259 -5238 -5203 -5198 -5174 -5186 -5197 -5198 -5179 -5189 -5167 -5155 -5144 -5138 -5124 -5108
-4843 -4947 -5026 -5065 -5120 -5150 -5160 -5193 -5195 -5076 -5200 -5329 -5293 -5300 -5318 -5294 -5336 -5339 -5361 -5353 -5340 -5366 -5370 -5375 -5360 -5394 -5369 -5372 -5396 -5394 -5385 -5390 -5391 -5381 -5382 -5406 -5401 -5402 -5407 -5404 -5408 -5413 -5415 -5417 -5409 -5398 -5417 -5423 -5415 -5411 -5403 -5391 -5379 -5363 -5340 -5339 -5336 -5327 -5323 -5299 -5297 -5301 -5276 -5263 -5239 -5216 -5192 -5178 -5159 -5175 -5182 -5172 -5168 -5143 -5154 -5143 -5140 -5142 -5109
-4955 -5004 -5039 -5053 -5102 -5141 -5144 -5251 -5232 -5136 -5316 -5303 -5284 -5317 -5322 -5326 -5338 -5334 -5352 -5354 -5343 -5340 -5387 -5376 -5382 -5399 -5413 -5386 -5397 -5402 -5399 -5383 -5389 -5390 -5385 -5403 -5399 -5399 -5406 -5406 -5403 -5410 -5420 -5421 -5422 -5419 -5420 -5419 -5418 -5396 -5413 -5401 -5370 -5379 -5348 -5356 -5355 -5327 -5318 -5309 -5306 -5294 -5268 -5243 -5232 -5230 -5203 -5184 -5193 -5183 -5205 -5202 -5171 -5150 -5155 -5148 -5145 -5142 -5110
-4937 -4970 -5125 -5068 -5108 -5148 -5143 -5228 -5243 -5231 -5353 -5278 -5302 -5302 -5330 -5337 -5351 -5351 -5341 -5319 -5372 -5381 -5379 -5399 -5379 -5384 -5395 -5397 -5398 -5400 -5409 -5398 -5401 -5405 -5396 -5404 -5403 -5410 -5410 -5413 -5413 -5420 -5419 -5417 -5425 -5425 -5421 -5423 -5421 -5418 -5402 -5387 -5379 -5373 -5344 -5349 -5343 -5335 -5327 -5302 -5297 -5287 -5276 -5264 -5252 -5236 -5232 -5213 -5213 -5214 -5195 -5193 -5183 -5172 -5151 -5163 -5156 -5120 -5117
-4956 -4969 -5010 -5060 -5083 -5090 -5172 -5233 -5247 -5285 -5293 -5238 -5333 -5339 -5336 -5337 -5343 -5336 -5354 -5378 -5384 -5370 -5360 -5393 -5377 -5387 -5392 -5396 -5399 -5406 -5406 -5406 -5409 -5408 -5409 -5409 -5411 -5422 -5414 -5414 -5417 -5412 -5418 -5424 -5416 -5420 -5426 -5419 -5422 -5411 -5401 -5402 -5399 -5382 -5371 -5364 -5342 -5343 -5327 -5301 -5292 -5296 -5284 -5296 -5264 -5245 -5256 -5235 -5208 -5211 -5175 -5157 -5136 -5118 -5150 -5146 -5090 -5091 -5078
-5006 -5029 -5038 -5045 -5101 -5118 -5142 -5223 -5225 -5306 -5398 -5269 -5284 -5342 -5324 -5349 -5352 -5336 -5363 -5329 -5340 -5344 -5314 -5376 -5397 -5391 -5400 -5397 -5403 -5401 -5405 -5407 -5409 -5412 -5415 -5414 -5414 -5417 -5421 -5420 -5420 -5424 -5415 -5420 -5417 -5419 -5415 -5415 -5411 -5414 -5402 -5394 -5378 -5358 -5363 -5354 -5340 -5341 -5330 -5319 -5302 -5307 -5299 -5292 -5289 -5290 -5282 -5253 -5238 -5217 -5219 -5195 -5150 -5121 -5165 -5132 -5138 -5143 -5098
-5034 -5066 -5083 -5089 -5128 -5137 -5161 -5215 -5250 -5294 -5319 -5309 -5286 -5285 -5327 -5349 -5349 -5368 -5358 -5381 -5385 -5372 -5351 -5380 -5396 -5399 -5399 -5401 -5401 -5402 -5407 -5409 -5400 -5401 -5404 -5409 -5403 -5401 -5416 -5415 -5416 -5416 -5408 -5415 -5418 -5423 -5425 -5419 -5411 -5408 -5402 -5390 -5386 -5368 -5357 -5357 -5357 -5341 -5322 -5313 -5286 -5292 -5307 -5307 -5270 -5298 -5322 -5298 -5287 -5242 -5220 -5217 -5190 -5162 -5166 -5153 -5144 -5083 -5062
-5040 -5080 -5103 -5114 -5145 -5075 -5126 -5184 -5163 -5190 -5203 -5237 -5400 -5380 -5365 -5358 -5354 -5361 -5363 -5374 -5379 -5379 -5379 -5370 -5395 -5392 -5408 -5412 -5408 -5411 -5415 -5411 -5402 -5402 -5401 -5396 -5404 -5407 -5411 -5417 -5423 -5417 -5421 -5423 -5416 -5419 -5431 -5418 -5413 -5418 -5402 -5395 -5404 -5389 -5365 -5354 -5356 -5346 -5330 -5313 -5295 -5293 -5294 -5308 -5248 -5256 -5312 -5068 -5295 -5267 -5257 -5252 -5239 -5202 -5162 -5157 -5139 -5111 -5117
-5055 -5073 -5112 -5131 -5150 -5176 -5160 -5161 -5179 -5251 -5254 -5308 -5356 -5350 -5345 -5339 -5361 -5367 -5376 -5386 -5383 -5354 -5331 -5351 -5393 -5401 -5406 -5401 -5408 -5408 -5410 -5412 -5406 -5406 -5412 -5388 -5408 -5415 -5412 -5408 -5421 -5409 -5405 -5416 -5423 -5413 -5420 -5423 -5417 -5420 -5415 -5393 -5399 -5370 -5372 -5368 -5348 -5348 -5331 -5293 -5272 -5283 -5284 -5262 -5261 -5262 -5241 -5172 -5201 -5269 -5251 -5254 -5238 -5219 -5205 -5186 -5188 -5152 -5105
-5059 -5072 -5102 -5138 -5160 -5185 -5207 -5220 -5238 -5261 -5312 -5287 -5341 -5362 -5360 -5353 -5360 -5364 -5378 -5388 -5389 -5385 -5357 -5427 -5440 -5397 -5404 -5402 -5402 -5385 -5402 -5425 -5413 -5413 -5413 -5399 -5407 -5418 -5405 -5400 -5419 -5421 -5416 -5406 -5422 -5428 -5419 -5416 -5422 -5406 -5405 -5398 -5402 -5399 -5348 -5356 -5339 -5319 -5318 -5300 -5268 -5246 -5251 -5244 -5250 -5223 -5200 -5153 -5150 -5197 -5194 -5079 -4858 -5100 -5198 -5189 -5265 -5217 -5163
-5074 -5067 -5086 -5120 -5163 -5185 -5215 -5236 -5154 -5091 -5300 -5350 -5308 -5338 -5424 -5352 -5367 -5337 -5367 -5386 -5406 -5398 -5398 -5539 -5465 -5399 -5397 -5409 -5394 -5384 -5410 -5424 -5409 -5409 -5408 -5415 -5412 -5396 -5413 -5419 -5429 -5440 -5433 -5406 -5398 -5410 -5426 -5425 -5409 -5408 -5400 -5400 -5405 -5391 -5371 -5365 -5346 -5339 -5330 -5310 -5269 -5244 -5232 -5228 -5204 -5221 -5211 -5200 -5187 -5208 -5201 -5172 -5178 -5126 -5039 -5079 -4968 -5015 -5195
-5086 -5086 -5082 -5101 -5142 -5179 -5206 -5242 -5247 -5233 -5320 -5339 -5268 -5300 -5388 -5322 -5374 -5363 -5382 -5390 -5404 -5380 -5406 -5441 -5405 -5399 -5400 -5406 -5406 -5407 -5416 -5412 -5409 -5416 -5410 -5414 -5415 -5402 -5412 -5421 -5425 -5422 -5423 -5416 -5402 -5400 -5414 -5422 -5399 -5407 -5397 -5412 -5410 -5377 -5367 -5369 -5355 -5337 -5327 -5307 -5275 -5236 -5237 -5231 -5234 -5233 -5214 -5219 -5184 -5177 -5180 -5166 -5188 -5149 -5132 -5085 -5064 -4940 -4931
-5040 -5098 -5087 -5098 -5123 -5162 -5195 -5220 -5262 -5273 -5247 -5341 -5433 -5328 -5301 -5280 -5371 -5355 -5384 -5351 -5403 -5414 -5405 -5412 -5398 -5404 -5411 -5403 -5411 -5410 -5410 -5413 -5408 -5411 -5414 -5421 -5415 -5408 -5392 -5404 -5418 -5416 -5421 -5426 -5418 -5420 -5411 -5410 -5413 -5418 -5395 -5398 -5402 -5398 -5372 -5369 -5362 -5328 -5298 -5268 -5225 -5243 -5252 -5257 -5243 -5226 -5221 -5223 -5198 -5188 -5160 -5159 -5155 -5136 -5152 -5129 -5091 -5067 -4931
-4990 -5069 -5100 -5089 -5112 -5142 -5187 -5214 -5241 -5274 -5204 -5296 -5467 -5379 -5332 -5338 -5386 -5336 -5327 -5334 -5387 -5400 -5399 -5407 -5408 -5432 -5426 -5407 -5415 -5417 -5424 -5422 -5410 -5406 -5413 -5419 -5408 -5410 -5399 -5400 -5408 -5409 -5401 -5403 -5408 -5409 -5417 -5405 -5390 -5412 -5389 -5382 -5410 -5409 -5381 -5366 -5348 -5314 -5289 -5262 -5240 -5234 -5242 -5254 -5233 -5231 -5229 -5221 -5212 -5193 -5171 -5171 -5156 -5149 -5139 -5150 -5128 -5124 -5024
-4896 -5015 -5091 -5093 -5096 -5129 -5164 -5210 -5235 -5259 -5290 -5473 -5513 -5383 -5351 -5402 -5393 -5342 -5369 -5409 -5404 -5403 -5408 -5401 -5409 -5404 -5396 -5409 -5410 -5422 -5426 -5411 -5402 -5405 -5409 -5415 -5404 -5408 -5409 -5416 -5416 -5415 -5412 -5417 -5415 -5413 -5423 -5417 -5415 -5399 -5412 -5395 -5377 -5393 -5378 -5370 -5352 -5324 -5316 -5293 -5275 -5240 -5233 -5247 -5231 -5209 -5231 -5212 -5217 -5190 -5183 -5183 -5159 -5140 -5149 -5146 -5143 -5143 -5083
-4773 -4975 -5035 -5095 -5077 -5101 -5142 -5183 -5229 -5246 -5279 -5364 -5359 -5310 -5340 -5355 -5365 -5371 -5378 -5387 -5401 -5397 -5399 -5406 -5416 -5384 -5388 -5412 -5411 -5420 -5419 -5409 -5398 -5408 -5416 -5411 -5407 -5415 -5420 -5421 -5418 -5414 -5408 -5419 -5418 -5423 -5424 -5413 -5418 -5414 -5411 -5393 -5375 -5372 -5365 -5373 -5348 -5325 -5302 -5257 -5278 -5243 -5230 -5233 -5229 -5216 -5219 -5216 -5194 -5194 -5193 -5165 -5141 -5139 -5165 -5137 -5164 -5144 -5130
-4690 -4848 -5011 -5067 -5069 -5074 -5106 -5152 -5199 -5242 -5258 -5297 -5302 -5315 -5393 -5361 -5359 -5372 -5395 -5397 -5403 -5394 -5402 -5401 -5409 -5411 -5409 -5408 -5417 -5418 -5418 -5417 -5412 -5416 -5417 -5413 -5411 -5420 -5409 -5407 -5414 -5416 -5420 -5406 -5422 -5413 -5403 -5404 -5405 -5401 -5400 -5392 -5373 -5366 -5363 -5352 -5342 -5320 -5308 -5256 -5268 -5247 -5245 -5236 -5219 -5194 -5209 -5217 -5213 -5187 -5163 -5170 -5158 -5164 -5149 -5155 -5144 -5154 -5161
-4559 -4757 -4915 -5033 -5078 -5073 -5089 -5132 -5171 -5217 -5249 -5267 -5301 -5318 -5409 -5353 -5382 -5382 -5389 -5387 -5370 -5349 -5403 -5405 -5408 -5413 -5409 -5403 -5417 -5413 -5428 -5425 -5404 -5412 -5416 -5410 -5408 -5416 -5416 -5421 -5424 -5420 -5419 -5421 -5394 -5390 -5394 -5403 -5395 -5393 -5409 -5395 -5385 -5378 -5370 -5346 -5326 -5311 -5304 -5289 -5279 -5260 -5234 -5234 -5217 -5207 -5211 -5189 -5199 -5185 -5180 -5159 -5170 -5171 -5169 -5142 -5151 -5142 -5143
-4434 -4633 -4808 -4961 -5063 -5085 -5084 -5107 -5154 -5189 -5234 -5238 -5282 -5316 -5361 -5368 -5347 -5387 -5383 -5330 -5342 -5356 -5414 -5403 -5397 -5406 -5420 -5466 -5400 -5406 -5430 -5441 -5416 -5417 -5418 -5422 -5424 -5418 -5412 -5425 -5428 -5412 -5407 -5405 -5390 -5403 -5389 -5396 -5390 -5397 -5404 -5399 -5398 -5390 -5368 -5338 -5320 -5300 -5288 -5289 -5261 -5262 -5243 -5230 -5235 -5219 -5187 -5173 -5188 -5196 -5189 -5178 -5168 -5177 -5158 -5129 -5144 -5111 -5110
-4300 -4496 -4689 -4846 -4989 -5068 -5097 -5092 -5122 -5168 -5203 -5245 -5282 -5317 -5327 -5278 -5272 -5378 -5392 -5345 -5378 -5388 -5405 -5428 -5405 -5409 -5410 -5459 -5439 -5406 -5418 -5422 -5420 -5424 -5413 -5412 -5414 -5409 -5410 -5410 -5419 -5415 -5410 -5419 -5404 -5392 -5402 -5389 -5378 -5382 -5358 -5388 -5372 -5340 -5338 -5323 -5310 -5299 -5279 -5280 -5259 -5268 -5259 -5248 -5240 -5228 -5213 -5191 -5167 -5194 -5193 -5198 -5182 -5174 -5185 -5170 -5140 -5125 -5107
-4126 -4349 -4538 -4729 -4882 -5012 -5065 -5101 -5095 -5124 -5174 -5217 -5250 -5290 -5304 -5306 -5343 -5350 -5417 -5347 -5346 -5387 -5387 -5380 -5396 -5404 -5405 -5415 -5437 -5416 -5411 -5426 -5414 -5397 -5401 -5405 -5405 -5409 -5412 -5413 -5430 -5429 -5424 -5430 -5400 -5399 -5402 -5413 -5387 -5392 -5372 -5387 -5361 -5349 -5347 -5321 -5320 -5292 -5270 -5270 -5244 -5239 -5264 -5251 -5233 -5248 -5232 -5184 -5193 -5181 -5162 -5208 -5193 -5187 -5152 -5194 -5124 -5140 -5113
-3819 -4158 -4382 -4564 -4771 -4889 -5006 -5055 -5091 -5089 -5120 -5164 -5215 -5246 -5263 -5301 -5310 -5403 -5582 -5504 -5411 -5384 -5381 -5316 -5373 -5406 -5415 -5405 -5405 -5371 -5406 -5422 -5403 -5381 -5389 -5445 -5451 -5425 -5413 -5404 -5415 -5430 -5430 -5426 -5412 -5427 -5422 -5389 -5394 -5377 -5354 -5351 -5364 -5334 -5326 -5342 -5310 -5294 -5272 -5259 -5241 -5223 -5214 -5228 -5253 -5247 -5215 -5199 -5195 -5176 -5193 -5192 -5199 -5209 -5216 -5187 -5133 -5118 -5110
-3740 -3781 -4144 -4387 -4613 -4780 -4896 -5003 -5054 -5070 -5080 -5116 -5162 -5210 -5236 -5244 -5248 -5401 -5502 -5450 -5385 -5387 -5400 -5403 -5413 -5401 -5412 -5408 -5415 -5427 -5408 -5420 -5393 -5391 -5399 -5397 -5396 -5408 -5410 -5413 -5414 -5424 -5429 -5424 -5426 -5432 -5417 -5415 -5411 -5423 -5420 -5378 -5346 -5332 -5321 -5317 -5316 -5298 -5271 -5234 -5244 -5238 -5209 -5231 -5232 -5206 -5199 -5193 -5203 -5196 -5187 -5163 -5155 -5166 -5232 -5190 -5184 -5142 -5114
-3899 -3833 -3793 -4143 -4407 -4635 -4778 -4899 -4993 -5034 -5044 -5066 -5116 -5157 -5210 -5230 -5277 -5301 -5337 -5359 -5362 -5371 -5390 -5415 -5462 -5396 -5394 -5400 -5404 -5419 -5399 -5412 -5414 -5419 -5407 -5376 -5386 -5418 -5412 -5421 -5424 -5427 -5426 -5419 -5424 -5426 -5424 -5424 -5424 -5405 -5375 -5384 -5325 -5318 -5278 -5281 -5290 -5302 -5278 -5263 -5242 -5230 -5196 -5200 -5184 -5223 -5214 -5221 -5216 -5180 -5189 -5168 -5184 -5213 -5212 -5187 -5123 -5185 -5140
