Challenge_3/RasterMaps/Central_Asia.asc
NCOLS        899
NROWS        400
XLLCENTER    20.025000000000
YLLCENTER    18.975000000000
CELLSIZE     0.0833333333334
NODATA_VALUE -9999
[rows 111 to 147 of 400, columns 85 to 169 of 899]
310 156 102 169 160 143 86 22 7 12 -6 -19 -31 -43 -67 -101 -145 -291 -735 -1206 -1572 -1818 -1986 -2085 -2031 -1984 -1971 -1985 -2024 -2005 -1940 -1825 -1807 -1870 -1781 -1819 -1756 -1688 -1625 -1804 -1929 -2032 -2091 -2112 -2117 -2119 -2091 -2108 -2114 -2098 -2103 -2065 -2003 -1996 -1998 -2024 -2024 -2074 -2083 -2102 -2098 -2099 -2114 -2127 -2131 -2146 -2146 -2165 -2182 -2206 -2220 -2218 -2258 -2253 -2193 -2197 -2272 -2263 -2240 -2242 -2210 -2202 -2207 -2159 -2177
251 186 225 407 333 358 183 234 117 95 -11 -24 -45 -68 -83 -181 -218 -420 -906 -1207 -1467 -1719 -1963 -2062 -2096 -2052 -2027 -1940 -1900 -1907 -1890 -1873 -1818 -1819 -1983 -1977 -1722 -1749 -1787 -1883 -2040 -2174 -2148 -2087 -2086 -2121 -2149 -2164 -2135 -2122 -2094 -2066 -2034 -2039 -2029 -2045 -2073 -2073 -2096 -2110 -2110 -2085 -2127 -2131 -2142 -2152 -2169 -2165 -2150 -2205 -2259 -2216 -2271 -2275 -2211 -2245 -2246 -2179 -2199 -2206 -2204 -2216 -2212 -2204 -2177
178 218 513 385 424 469 346 214 53 13 -11 -31 -49 -68 -85 -70 -252 -594 -957 -1198 -1407 -1566 -1649 -1794 -1971 -2058 -2015 -1853 -1800 -1838 -1807 -1800 -1761 -2100 -2050 -1766 -1765 -1838 -1879 -2038 -2179 -2139 -2098 -2095 -2137 -2107 -2176 -2191 -2114 -2135 -2119 -2093 -2088 -2072 -2080 -2081 -2098 -2116 -2105 -2122 -2114 -2083 -2068 -2158 -2162 -2167 -2178 -2197 -2247 -2222 -2206 -2224 -2298 -2229 -2191 -2233 -2210 -2189 -2238 -2219 -2168 -2189 -2194 -2188 -2154
368 406 314 291 218 104 29 137 329 77 -17 -37 -58 -143 -101 -127 -420 -747 -995 -1189 -1384 -1530 -1671 -1777 -1912 -2012 -1898 -1819 -1711 -1660 -1736 -1713 -1683 -1764 -1755 -1717 -1761 -1872 -1983 -2162 -2127 -2116 -2099 -2083 -2161 -2105 -2154 -2195 -2163 -2148 -2128 -2127 -2105 -2099 -2114 -2121 -2142 -2144 -2150 -2121 -2082 -2083 -2113 -2080 -2177 -2183 -2190 -2200 -2206 -2243 -2210 -2207 -2198 -2170 -2263 -2231 -2126 -2185 -2192 -2190 -2172 -2190 -2190 -2202 -2203
248 142 73 275 275 232 45 5 -5 -5 -20 -42 -52 -64 -100 -196 -542 -856 -1050 -1235 -1339 -1474 -1598 -1743 -1879 -2030 -1847 -1721 -1609 -1590 -1652 -1693 -1738 -1752 -1773 -1835 -1918 -1898 -2122 -2121 -2061 -2111 -2116 -2127 -2217 -2171 -2166 -2163 -2189 -2154 -2148 -2132 -2118 -2115 -2132 -2140 -2141 -2100 -2078 -2108 -2098 -2108 -2182 -2195 -2171 -2193 -2201 -2214 -2203 -2198 -2190 -2193 -2181 -2182 -2199 -2191 -2200 -2194 -2233 -2377 -2297 -2181 -2201 -2209 -2174
186 122 35 54 -1 39 -9 -5 -9 -15 -29 -45 -73 -52 -61 -141 -452 -798 -1044 -1278 -1374 -1505 -1593 -1777 -1936 -1972 -1848 -1696 -1664 -1652 -1667 -1720 -1761 -1822 -1856 -1897 -1965 -2084 -2157 -2091 -2071 -2136 -2136 -2115 -2150 -2169 -2214 -2246 -2180 -2154 -2182 -2135 -2130 -2136 -2143 -2179 -2197 -2110 -2079 -2120 -2165 -2185 -2186 -2221 -2228 -2202 -2193 -2202 -2182 -2159 -2220 -2239 -2197 -2181 -2164 -2226 -2220 -2222 -2333 -2424 -2395 -2280 -2243 -2186 -2163
89 58 35 -1 1 -5 -5 -5 -10 -21 -35 -48 -49 -67 -52 -175 -350 -660 -942 -1179 -1400 -1550 -1639 -1928 -2003 -1959 -1960 -1874 -1857 -1826 -1799 -1860 -1858 -1882 -2005 -2000 -2069 -2178 -2072 -2071 -2157 -2163 -2152 -2157 -2179 -2181 -2184 -2195 -2187 -2165 -2158 -2122 -2118 -2147 -2160 -2171 -2178 -2170 -2178 -2188 -2189 -2193 -2203 -2200 -2181 -2204 -2150 -2258 -2267 -2238 -2282 -2222 -2194 -2214 -2215 -2202 -2188 -2172 -2248 -2287 -2228 -2118 -2125 -2213 -2263
97 91 -9 4 45 92 58 3 -12 -25 -42 -60 -98 -49 -61 -184 -250 -513 -839 -1120 -1385 -1500 -1669 -1884 -1997 -2022 -2036 -1987 -1941 -1955 -1961 -2023 -2011 -2025 -2180 -2147 -2117 -2132 -2131 -2117 -2134 -2136 -2145 -2151 -2152 -2153 -2167 -2143 -2168 -2151 -2146 -2156 -2155 -2159 -2138 -2180 -2188 -2186 -2204 -2209 -2233 -2225 -2192 -2201 -2201 -2191 -2218 -2338 -2314 -2255 -2208 -2192 -2151 -2242 -2202 -2138 -2160 -2156 -2184 -2171 -2129 -1613 -1311 -1247 -1446
66 79 112 83 105 126 88 95 2 -27 -44 -62 -109 -69 -94 -174 -275 -391 -763 -1088 -1358 -1485 -1641 -1872 -1961 -1995 -2059 -2087 -2027 -2001 -2055 -2100 -2087 -2086 -2125 -2171 -2151 -2088 -2127 -2170 -2113 -2094 -2139 -2133 -2130 -2140 -2141 -2148 -2149 -2127 -2201 -2170 -2149 -2152 -2171 -2164 -2182 -2191 -2191 -2213 -2290 -2299 -2246 -2203 -2233 -2213 -2215 -2332 -2233 -2190 -2204 -2155 -2142 -2167 -2144 -2182 -2187 -2012 -1863 -1720 -1597 -1049 -628 -545 -630
314 214 223 251 229 182 89 43 -15 -37 -46 -49 -55 -125 -86 -108 -224 -320 -663 -1007 -1250 -1402 -1561 -1765 -1858 -1958 -1976 -2000 -2010 -2048 -2071 -2021 -2103 -2122 -2115 -2112 -2112 -2098 -2099 -2104 -2103 -2128 -2129 -2119 -2089 -2113 -2125 -2138 -2152 -2163 -2180 -2195 -2151 -2168 -2110 -2098 -2148 -2192 -2147 -2150 -2178 -2168 -2141 -2188 -2219 -2211 -2171 -2192 -2175 -2159 -2163 -2096 -1736 -1706 -1903 -1959 -1999 -1870 -1716 -1441 -1024 -630 -381 -269 -272
223 228 377 301 296 397 301 96 177 -6 -49 -54 -39 -49 -138 -114 -75 -146 -354 -706 -1112 -1329 -1559 -1781 -1891 -1902 -1964 -2095 -2079 -2100 -2110 -2120 -2118 -2107 -2111 -2106 -2147 -2110 -2032 -2040 -2054 -2098 -2078 -2069 -2065 -2068 -2062 -2042 -2021 -2082 -2134 -2099 -2101 -2096 -2055 -2087 -2130 -2172 -2169 -2234 -2178 -2120 -2162 -2173 -2173 -2169 -2161 -2142 -2045 -1963 -2009 -1951 -1609 -1112 -1088 -1129 -1251 -1240 -1214 -864 -441 -154 -109 -109 -93
569 532 403 374 269 178 237 236 208 55 34 -63 -42 -48 -94 -148 -109 -113 -349 -802 -1150 -1327 -1568 -1695 -1789 -1831 -1922 -2038 -2069 -2097 -2100 -2099 -1998 -2125 -2166 -2045 -2088 -2090 -2068 -2050 -2037 -2043 -2040 -1984 -1935 -1928 -1962 -1966 -2032 -2108 -2040 -1996 -2125 -2147 -2016 -2086 -2177 -2140 -2150 -2148 -2117 -2190 -2174 -2121 -2096 -2124 -2100 -2074 -1713 -1664 -1477 -1049 -824 -316 -186 -77 -76 -91 -104 -84 -87 -94 -93 -61 -55
429 530 492 510 414 378 304 255 193 71 159 1 -50 -60 -90 -161 -88 -114 -288 -623 -891 -1219 -1240 -1377 -1547 -1788 -1918 -2012 -2065 -2075 -2086 -2127 -2124 -2131 -2045 -2046 -2067 -2050 -2031 -2035 -1984 -1948 -1987 -1928 -1839 -1882 -2079 -1971 -1952 -2034 -2081 -2073 -2072 -2078 -2044 -2079 -2088 -2100 -2084 -2043 -2047 -2092 -1952 -1870 -1770 -1947 -1739 -1429 -994 -679 -514 -142 -59 -44 131 166 108 88 -5 -13 -23 -22 -17 -12 -16
391 631 617 497 577 387 398 389 372 132 27 43 -40 -64 -54 -86 -83 -107 -196 -452 -723 -846 -975 -1232 -1438 -1708 -1848 -1958 -1924 -2008 -2134 -2093 -2090 -2072 -2034 -2030 -2011 -1984 -1998 -1978 -1936 -1919 -1954 -1912 -1954 -1805 -1853 -1895 -1965 -2002 -2020 -2053 -2042 -2022 -1985 -1906 -1909 -1926 -1852 -1725 -1751 -1866 -1678 -1342 -873 -668 -365 -257 -63 -27 -20 247 247 204 673 842 851 1009 538 534 419 470 815 375 542
257 337 352 371 451 471 596 553 202 171 40 -9 -44 -66 -45 -50 -66 -88 -105 -261 -536 -807 -892 -1264 -1336 -1577 -1574 -1760 -1960 -1972 -1996 -1936 -2001 -2000 -1977 -1939 -1928 -1914 -1943 -1925 -1927 -1959 -1947 -1897 -1869 -1664 -1672 -1750 -1891 -2001 -2039 -2005 -1988 -1902 -1890 -1763 -1590 -1416 -1252 -1263 -1293 -1384 -992 -424 -138 -38 10 54 266 395 189 533 907 796 623 644 984 1203 739 847 932 1167 1582 672 962
167 236 230 340 350 369 498 745 509 338 253 39 -49 -60 -70 -73 -53 -82 -99 -109 -316 -476 -812 -1171 -1454 -1298 -1514 -1625 -1633 -1892 -1788 -1766 -1938 -1938 -1937 -1922 -1926 -1953 -1917 -1858 -1879 -1885 -1864 -1870 -1839 -1681 -1582 -1664 -1796 -1989 -1962 -1902 -1955 -2016 -1921 -1827 -1580 -1197 -890 -727 -442 -342 -116 0 219 446 435 865 990 635 947 953 1156 1194 1088 1176 1030 1174 1189 1137 1286 1354 1153 1383 1778
157 169 198 214 230 364 343 438 362 310 112 88 -5 -62 -64 -74 -65 -59 -83 -89 -99 -260 -548 -855 -1011 -1105 -1527 -1437 -1770 -1594 -1499 -1711 -1872 -1723 -1878 -1862 -1906 -1848 -1806 -1745 -1749 -1692 -1748 -1823 -1700 -1680 -1502 -1569 -1724 -1752 -1914 -1796 -1822 -1729 -1601 -1332 -1167 -915 -636 -406 -98 -12 168 119 222 352 663 751 573 832 708 640 489 683 985 968 980 1241 1093 1059 1109 1144 1179 1260 1122
131 119 162 171 172 219 240 264 301 292 181 163 121 -28 -67 -65 -72 -76 -56 -87 -83 -100 -116 -208 -332 -915 -940 -1230 -1647 -1124 -1779 -1635 -1706 -1547 -1830 -1599 -1690 -1481 -1370 -1294 -1184 -1330 -1557 -1761 -1523 -1610 -1457 -1479 -1476 -1393 -1720 -1597 -1586 -1640 -1272 -767 -472 -315 -140 -13 176 53 89 120 198 489 293 458 926 1048 1003 830 817 1164 1022 1147 1055 1073 1286 1191 1137 1144 1319 1224 936
80 131 112 111 119 168 173 179 182 132 218 315 319 180 -9 -46 -49 -61 -69 -85 -92 -83 -87 -93 -96 -135 -384 -1161 -1063 -1314 -1181 -1709 -1338 -1459 -1589 -1529 -1181 -984 -990 -822 -706 -1088 -1361 -1578 -1523 -1167 -1427 -1263 -1317 -1143 -1199 -1195 -1132 -1052 -589 -219 -48 82 266 287 51 139 260 159 505 378 424 879 852 830 1119 1073 1127 1086 1202 1357 959 978 968 925 851 856 680 662 655
74 72 83 66 79 106 120 126 122 159 173 173 199 261 220 48 51 -39 -34 -67 -78 -82 -81 -86 -90 -97 -376 -518 -228 -737 -585 -1153 -1017 -690 -829 -837 -112 -114 -105 -96 -112 -284 -1106 -1331 -1052 -1147 -1254 -1011 -812 -677 -418 -281 -172 -112 -16 112 249 390 501 181 123 80 215 586 360 580 831 709 856 952 922 1076 922 964 1283 1048 1325 1215 984 904 802 772 729 746 934
50 50 48 66 57 106 94 102 146 157 195 194 210 225 171 219 45 19 9 27 -24 -39 -59 -83 -75 -72 -75 -73 -90 -76 -39 -33 -75 -63 -38 -46 -88 -93 -73 -91 -106 -568 -1228 -1191 -685 -808 -795 -643 -393 -135 -124 -69 -2 300 362 469 481 755 290 170 212 302 782 736 1105 1437 1342 1051 918 918 1030 1101 1194 1371 1115 1234 1201 1182 1251 1137 1029 939 1067 1070 1328
38 76 76 76 83 86 109 93 145 142 197 170 204 207 180 107 218 131 113 132 123 64 37 2 -25 -42 -35 -15 -71 -43 -41 -52 -59 -65 -65 -64 -65 -49 -24 -51 -66 -189 -557 -708 -353 -112 -116 -136 -146 -116 -74 -48 147 161 165 271 396 624 293 209 813 356 701 354 654 791 684 496 573 873 784 576 642 811 721 752 1030 984 1081 1030 1142 1025 1281 1300 1632
47 77 125 148 156 93 115 115 142 192 85 132 107 82 183 125 29 15 116 89 155 89 93 114 150 78 85 96 87 82 52 0 -10 -24 -24 -25 -23 -3 52 18 -21 -31 -47 -122 -85 -66 -64 -57 -66 -51 -40 52 157 215 258 742 953 626 577 508 998 855 600 662 387 613 390 764 724 712 530 855 913 968 1248 1446 1283 1305 1364 1454 1384 1596 1788 1313 1627
75 165 96 177 183 176 144 87 90 104 93 78 16 46 70 50 148 2 121 120 94 136 36 111 107 258 123 91 162 172 126 88 69 40 164 109 84 48 77 53 53 84 21 61 3 -8 -14 -6 49 47 131 218 273 608 566 1051 613 262 826 561 941 658 869 1076 1725 1143 938 574 993 1172 992 945 1216 861 1303 1188 1604 1676 1497 1720 1853 2049 1731 1120 1171
108 131 159 271 164 133 21 3 -10 51 46 -41 -47 -44 -34 -89 -67 50 145 98 69 53 10 25 80 144 112 83 132 271 278 224 270 272 163 186 151 139 118 93 101 12 41 242 243 154 70 634 691 394 405 577 555 707 838 1032 602 441 611 800 932 1425 1285 1359 1479 832 597 1209 1213 1288 1102 1293 1476 1585 1290 987 1515 1711 1707 1167 1460 1475 1061 765 533
240 175 170 209 107 -64 -440 -864 -747 -586 -518 -758 -609 -534 -409 -385 -204 -89 -89 -95 -144 -188 -50 -19 -7 97 164 121 187 226 310 376 251 253 259 233 125 187 126 55 15 78 126 460 489 631 237 537 293 247 308 460 842 1252 1061 1413 1175 1192 628 641 714 860 1270 1601 961 973 976 1198 1088 1043 1065 1229 1041 1360 1459 1453 1390 1144 897 1319 1049 1025 1058 912 1282
163 246 330 413 -182 -1117 -1116 -984 -621 -900 -1212 -1256 -1183 -818 -658 -757 -811 -539 -566 -1048 -1055 -1172 -1206 -125 17 -84 1 52 160 205 307 436 382 356 258 141 219 170 65 31 118 21 25 301 535 340 226 124 134 165 446 727 1093 1088 1406 1153 792 914 1316 1239 1367 1688 1674 1377 1215 1123 1358 1150 1196 1195 1271 1329 1252 1247 1108 1002 1310 1452 1343 1329 1652 1483 1526 1683 1956
303 574 464 -95 -571 -962 -626 -523 -741 -718 -1003 -1100 -830 -579 -469 -362 -382 -597 -848 -785 -1192 -1176 -1205 -1252 -1236 -948 -187 -68 -63 -46 -146 -114 14 -2 3 18 60 241 140 73 30 28 30 53 206 622 284 363 331 504 701 726 987 955 755 704 793 1027 1180 1185 1172 1191 1162 1366 1573 1709 1792 1641 1301 1362 1377 1415 1554 1505 1407 1411 1239 1022 1184 1280 1152 1065 1160 1304 1179
336 213 -29 -121 -108 -38 -25 -42 -81 -208 -341 -95 -97 -100 -113 -127 -276 -360 -397 -382 -319 -276 -115 -191 -285 -53 -29 88 138 182 391 715 276 194 435 643 865 415 353 46 142 80 54 451 1306 1449 1369 1478 1565 1449 1326 1303 1070 869 989 1525 1698 1568 1353 1243 1361 1328 1414 1539 1434 1358 1644 1538 1677 1759 1681 1362 1265 1394 1661 1477 1082 1054 978 976 880 1106 1326 1185 1063
-37 -75 -87 -72 -72 -23 105 -78 -68 -55 -44 -32 -28 -41 -61 -62 -44 -57 -361 -337 -212 -54 564 646 487 226 331 437 302 134 426 594 873 920 1095 1057 1004 963 420 554 906 850 564 263 326 421 492 539 774 1317 1240 1286 1353 1445 1325 1579 1979 1718 1715 1525 1428 1493 1594 1705 1699 1502 1268 1471 1515 1758 1622 1355 1315 1432 1536 1418 1128 932 749 973 1096 953 913 922 705
-56 -58 -56 -53 -56 -1 56 93 33 115 3 -8 -52 -55 -55 -45 -51 -35 -37 -49 -41 72 448 365 379 624 368 98 91 380 174 163 599 1005 794 540 95 77 80 212 1169 1121 1258 1268 1376 1497 1430 837 891 788 900 1159 1159 1570 1447 1553 1621 2105 1814 1687 1805 1457 1329 1269 1302 1433 1141 1291 1685 1734 1748 1540 1637 1277 1099 1126 1513 1120 732 767 677 767 802 690 610
122 96 73 -30 -42 -46 -17 -5 15 213 4 -5 -15 -27 -29 -11 -14 -30 -41 -37 -45 -36 -107 -77 20 250 150 102 83 83 83 84 173 357 461 146 572 674 582 519 591 681 604 758 837 998 1176 1025 1186 1209 1346 1500 1275 802 1064 1257 1115 1185 1257 1607 1772 1341 1150 975 1150 1471 1174 1136 1295 1781 1288 1422 1379 1181 1071 896 1417 886 761 644 779 662 649 548 616
47 13 8 10 -5 -8 -2 -5 -3 176 68 70 149 194 356 429 204 191 127 142 247 250 133 347 260 425 746 626 585 460 476 535 440 405 486 234 177 264 684 996 945 773 850 930 1005 863 988 1288 1168 1262 1049 952 953 924 693 680 1297 1448 1624 1432 1473 1309 1256 1540 873 864 1369 1003 1144 1502 1344 1207 1380 1074 833 778 743 827 885 576 565 572 569 628 558
35 31 43 72 136 243 100 103 134 72 33 28 53 50 45 83 49 99 130 126 113 119 81 89 108 103 420 465 328 235 227 248 282 566 482 196 150 521 516 792 925 900 794 785 612 609 945 886 1333 1112 1003 999 1264 1315 913 879 1656 1177 1520 977 785 862 851 1133 1213 1149 1204 914 1014 1036 1331 1018 1102 1132 1366 1300 879 718 611 790 863 841 870 710 574
145 63 288 290 249 327 78 43 65 14 14 14 119 12 11 7 6 3 1 1 153 222 254 723 547 476 473 579 496 346 422 454 761 790 645 400 254 704 1052 604 640 687 993 1219 1010 1043 690 981 743 802 814 763 683 750 690 867 1202 751 662 671 717 1146 1083 1111 1069 1120 912 936 1335 1092 1009 988 1206 1465 1222 1355 831 892 919 939 888 1169 1191 676 741
243 232 211 747 644 293 50 80 293 125 68 22 20 19 17 16 22 145 414 482 553 843 754 658 1579 2303 2049 1021 309 282 450 855 934 1042 939 526 461 270 208 183 548 896 783 520 230 286 737 744 494 1050 977 699 488 586 474 674 584 508 619 680 601 694 896 1298 1159 853 845 1267 1270 1131 947 1024 1209 1603 1550 1075 656 1042 989 1107 1197 1264 890 717 644
202 456 337 348 385 426 320 557 153 192 236 330 75 29 126 119 107 166 443 537 610 590 776 1043 887 981 1410 1336 742 598 442 700 1025 799 809 661 849 839 744 876 538 544 715 906 1232 1286 1036 1293 1258 1264 1314 638 852 657 496 503 777 1015 1043 1044 983 748 808 1169 932 803 864 888 951 976 999 1178 1224 1294 1345 1183 711 1000 1106 1150 964 1034 1152 926 681
