Challenge_3/RasterMaps/Central_Asia.asc
NCOLS        899
NROWS        400
XLLCENTER    20.025000000000
YLLCENTER    18.975000000000
CELLSIZE     0.0833333333334
NODATA_VALUE -9999
[rows 185 to 221 of 400, columns 340 to 424 of 899]
1715 2107 2091 2383 1677 2008 989 492 372 668 1235 1530 1055 305 728 512 1250 1929 1746 1541 1145 1156 1785 2093 3313 2622 1946 1078 232 -4 -32 -61 -111 -170 -225 -313 -403 -452 -487 -522 -527 -526 -521 -522 -507 -464 -417 -374 -338 -304 -262 -186 -120 -78 -70 -60 -43 -35 -29 -24 -25 -28 -28 -28 -28 -28 -28 -28 -28 -23 -14 25 95 175 173 200 311 534 1419 807 1178 1884 2002 2717 1827
1608 1763 2207 2473 2286 2062 1948 1456 808 489 283 300 253 784 2235 1491 1518 1853 1801 2006 2024 2021 2220 1931 1901 2628 2023 1345 1189 330 74 -11 -31 -49 -72 -114 -155 -190 -251 -308 -296 -287 -298 -292 -269 -233 -205 -179 -151 -132 -111 -73 -49 -34 -29 -24 -24 -16 -11 -12 -20 -22 -22 -19 -20 -11 -13 1 19 147 379 399 588 847 1274 1340 1691 1243 2071 2090 2008 2057 1984 1721 1614
1627 1605 1690 1828 2049 2265 2087 1723 2053 1418 1194 890 459 311 612 1134 1330 1117 1191 1617 2038 2633 3138 2499 1980 2668 2719 2934 2557 1120 589 900 396 270 103 133 8 -28 -62 -129 -128 -126 -143 -141 -118 -84 -62 -49 -32 -21 -24 -19 -23 -17 -16 -15 -16 -7 0 28 48 187 256 345 688 1085 687 837 1338 2114 2142 1953 2183 1834 2420 2045 2487 1722 2580 2204 1851 1525 1523 1503 1416
1871 1908 1844 1839 1750 1842 2055 1898 1782 2634 2053 1156 653 677 453 613 858 953 1336 1019 1085 930 1331 1993 2586 2854 3191 2876 2563 2076 2072 1918 1215 1150 1515 1238 410 521 424 674 -28 -30 -39 -41 -32 -25 -13 -7 -4 -6 -9 -9 -8 -17 -6 -11 17 23 39 200 221 491 519 733 1025 1298 1304 1557 1868 1967 1628 2084 2270 2177 2507 2668 2746 3623 2653 1598 1439 1433 1924 1400 1313
2029 2256 1981 1939 1808 1766 1869 2195 2591 1991 1871 1498 1529 1192 1014 1666 1541 1714 2087 1858 1642 1963 1148 1148 1810 1994 2107 3052 3551 2192 2022 2384 2652 1951 1202 908 921 1694 1217 1589 1855 1200 504 198 58 67 21 33 58 26 6 6 7 12 25 19 223 219 381 587 581 823 827 957 1334 1460 1991 1815 2024 2398 2177 2318 3294 3182 2676 2310 2020 1917 1714 1491 1378 1422 1360 1294 1220
1834 1905 2057 2304 1976 1804 1792 1841 1946 2558 2102 1787 1608 1554 1437 1688 1641 1749 1815 1793 1849 2049 2195 1650 1194 1395 1471 1754 2499 3048 2643 3873 2680 2846 1578 695 1700 1384 1314 1786 2127 2068 1247 1440 969 464 275 134 162 76 35 33 30 78 105 204 417 380 423 795 867 1179 978 1326 1335 1616 2293 2793 2580 1824 1789 2292 2656 2412 2418 2393 2212 2253 1765 1360 1302 1282 1376 1437 1345
1715 1794 1871 1913 2149 2223 2002 1847 1732 1791 2225 2091 1847 1712 1432 1549 1431 1421 1394 1381 1421 1548 1733 1968 2398 1848 2480 2520 3422 2727 3252 3848 2809 2321 2464 1832 2384 2342 1774 2355 1889 1930 1700 2005 1625 1042 1193 499 313 399 206 180 153 135 219 478 526 456 548 641 643 886 1364 1884 2204 2009 1917 2633 2045 1608 1755 2060 2027 1614 1637 1637 1643 1369 1231 1225 1253 1391 1531 1674 1547
1992 1753 1770 1817 1878 1991 2416 2366 1875 1637 1652 1812 1906 1746 1642 1509 1353 1294 1286 1279 1284 1308 1386 1571 1789 2055 1707 2381 2737 2632 2808 2505 2867 2311 2087 1808 3167 3296 3001 3175 3017 2899 2831 3237 3265 2879 2787 1660 574 1086 582 458 589 298 789 654 815 826 842 669 1090 1143 1189 1279 1776 1493 2304 2359 1565 1581 1460 1418 1293 1200 1197 1105 1092 1118 1218 1424 1509 1515 1792 1597 1649
2061 2006 1883 1834 1836 1888 1989 2310 2249 1643 1556 1581 1680 1696 2006 1651 1330 1254 1241 1225 1227 1229 1249 1281 1419 1677 2159 2096 1815 1958 2086 2238 2548 2603 3150 3157 3321 3308 3286 2570 2598 2238 2431 2861 2865 2749 1684 1592 901 1334 1721 980 880 830 640 826 850 995 1000 698 874 979 1490 2271 2001 2116 1742 2143 2351 1600 1253 1202 1138 1090 1074 1071 1067 1100 1171 1250 1291 1369 1351 1400 1490
1911 1935 2102 1962 1797 1874 1982 2006 1997 2186 1826 1504 1479 1495 1587 1465 1267 1240 1224 1211 1196 1187 1180 1184 1213 1300 1775 1978 2221 2624 2564 2799 3179 2441 2703 2999 2641 3386 3731 3329 2916 3089 3156 3956 2686 2389 1591 1373 1866 2143 2864 2527 2027 2677 1924 1359 1272 1254 1291 1183 1454 2426 1563 2572 2021 1823 2124 1738 1473 1255 1134 1108 1083 1061 1060 1060 1057 1058 1077 1082 1111 1170 1233 1322 1439
1626 1694 1813 1859 1767 1781 2258 2004 2014 2063 1921 1644 1512 1389 1335 1299 1271 1245 1225 1199 1180 1162 1150 1145 1150 1178 1185 1264 1435 1583 1671 2132 2284 1928 2499 2239 2799 3179 2882 2654 3414 2850 3328 3472 3380 3137 2344 1265 2632 3320 2665 3415 2306 2217 1675 1994 1373 1215 1910 2733 2216 2259 2625 2363 2398 2131 1900 1491 1350 1192 1149 1100 1063 1056 1056 1054 1054 1054 1054 1061 1081 1113 1160 1240 1356
1661 1783 2067 1957 1930 1724 1684 1715 2016 2149 2124 2052 1836 1490 1378 1352 1296 1263 1232 1202 1184 1165 1150 1142 1140 1140 1160 1190 1249 1349 1492 1818 1847 2034 2825 2798 3396 2696 2059 3059 2981 2660 2574 2556 3042 3539 2205 1748 3131 3602 3196 3358 2769 2805 2857 1923 2384 1761 2551 2857 2660 2452 2347 2147 2073 1826 1581 1437 1334 1239 1167 1109 1065 1052 1054 1052 1027 1034 1056 1056 1059 1068 1097 1153 1250
1707 1801 1838 1839 1844 1850 1747 1749 1673 1887 1910 1814 1694 1445 1451 1413 1337 1261 1236 1233 1207 1175 1148 1141 1138 1141 1162 1196 1224 1250 1244 1299 1463 2073 2283 2214 2348 2216 2413 2071 1950 2370 2713 3267 2375 2444 2889 3720 3168 2939 2222 2765 2202 2163 2174 2462 2535 2400 2891 2148 2896 2650 2034 1974 1814 1718 1632 1596 1545 1467 1229 1124 1074 1111 1081 1056 1055 1056 1058 1059 1057 1069 1086 1139 1154
1710 1736 1787 1853 1948 2084 2298 2009 2010 2048 1699 1565 1792 1837 1735 1793 1644 1440 1334 1309 1235 1208 1186 1168 1138 1135 1135 1134 1133 1151 1235 1244 1257 1326 1281 1356 1418 1349 1410 1630 1504 1841 1838 2054 2388 2541 3194 3288 3537 2579 2176 2069 1966 2082 2324 2246 2529 2569 2892 2347 1850 2111 2143 1866 1993 2004 1811 2033 1918 1510 1319 1169 1108 1129 1069 1062 1119 1203 1145 1097 1150 1200 1194 1355 1880
1814 1878 1857 1864 1899 2011 2286 2615 2205 2002 1853 1928 1803 1829 2162 2192 2038 1795 1475 1578 1620 1491 1393 1499 1526 1590 1807 1393 1425 1135 1224 1156 1162 1137 1138 1142 1131 1141 1287 1797 1586 1474 1541 1807 1823 2033 2300 2710 2532 2333 2135 2104 1926 2485 2502 2572 2375 1899 1815 1578 1494 1407 1436 1523 1891 1902 1745 1736 1684 1459 1276 1166 1130 1116 1115 1151 1376 1191 1122 1149 1249 1541 1444 1366 1473
1797 2169 2131 2079 2165 1971 2038 2169 2316 2399 2067 2353 2148 2010 1977 1923 1799 1806 1747 1969 1767 1607 1713 1579 1535 1450 1347 1266 1199 1151 1136 1116 1103 1091 1083 1079 1060 1049 1150 1446 1435 1278 1615 2124 2364 2006 1919 1932 2040 2253 1958 1751 2477 2678 2589 2375 2097 1839 1584 1425 1190 1107 1146 1273 1489 1507 1489 1790 1571 1413 1307 1228 1191 1195 1230 1226 1225 1196 1185 1150 1179 1250 1618 1286 1195
1828 1807 1816 2017 1993 1952 1926 1976 2013 2200 2423 2157 2310 2501 2154 2068 1986 2026 2181 1926 1898 1712 1489 1416 1597 1767 1593 1396 1270 1184 1063 1183 1084 1052 1029 1018 990 994 989 989 1062 1233 1443 1551 1712 1873 1824 2025 2174 1509 1968 2095 2515 2792 2266 1986 1881 1602 1266 1128 1054 1030 1179 1189 1287 1385 1481 1710 1736 1436 1351 1316 1303 1324 1372 1430 1465 1340 1157 956 840 920 1159 1103 1024
1843 1782 1754 1847 1797 1805 1921 1949 1873 1928 2039 2446 2312 2441 2406 2253 2265 2054 1961 1830 1697 1583 1492 1411 1347 1314 1331 1351 1324 1232 1151 1073 1007 1010 987 1095 1093 946 924 967 1011 1037 1053 1159 1219 1257 1433 1765 1907 1567 1748 2332 2122 2355 1830 1737 1321 1195 1119 1023 988 977 1048 1086 1176 1293 1294 1398 1598 1568 1466 1553 1473 1504 1677 1919 1753 1418 1155 921 765 760 842 835 807
1868 1792 1750 1712 1714 1759 1914 1832 1780 1811 1855 1930 1961 2196 2366 2439 2661 2427 2159 1908 2023 1717 1532 1403 1330 1296 1267 1214 1170 1127 1092 1075 1021 989 977 940 911 884 905 921 937 964 944 962 1030 1094 1131 1805 1372 1326 1418 1248 1076 1139 1131 1132 1018 1012 1005 926 928 908 954 973 979 1037 1093 1157 1283 1424 1324 1375 1757 1674 1626 1348 1210 1093 959 812 727 750 736 740 724
1940 1840 1793 1712 1683 1681 1987 1715 1713 1732 1846 1891 1976 1878 1882 1961 2498 2331 2182 2132 2049 1923 1936 1571 1375 1306 1295 1262 1237 1273 1318 1276 1121 1007 949 938 920 871 855 867 865 855 905 1014 1078 1175 941 857 896 907 841 803 819 811 806 841 846 848 999 964 840 844 866 867 854 896 937 994 1058 1039 1038 1038 1204 1206 1029 933 882 846 887 727 722 721 720 721 723
2071 1938 1791 1702 1671 1651 1670 1656 1662 1677 1729 1658 1711 1873 2005 1743 1788 1799 1709 1760 1991 2181 2113 1638 1384 1348 1469 1451 1297 1303 1813 1332 1103 966 1188 1013 880 872 835 833 826 811 809 804 799 814 792 804 825 828 802 782 777 780 787 795 798 797 796 800 809 837 828 857 833 835 839 873 899 914 877 858 919 901 842 877 781 740 727 724 723 727 729 726 722
2049 1927 1819 1668 1655 1643 1631 1625 1626 1626 1623 1591 1595 1679 1821 1685 1876 1561 1469 1454 1406 1466 1382 1273 1126 1094 1142 1106 1116 966 891 881 883 853 854 824 821 831 829 813 803 793 783 777 779 774 770 771 775 780 782 780 790 803 930 917 798 794 789 796 804 846 920 965 878 852 853 956 1116 950 812 752 787 751 708 718 723 724 723 723 724 724 718 712 711
1789 1734 1692 1773 1826 1719 1669 1622 1605 1622 1716 1761 1632 1604 1634 1831 1818 2247 2032 1820 1405 1198 1149 1157 979 982 1009 1003 1121 913 804 798 798 804 805 806 810 814 810 804 1019 948 861 793 770 767 764 763 761 758 766 779 756 757 760 768 772 781 804 1061 1122 1010 956 965 987 938 938 998 994 830 718 728 729 724 722 716 716 717 724 723 720 716 715 711 709
1759 1719 1713 1826 2027 1900 1801 1666 1610 1664 1992 2091 2058 1855 1823 1628 1498 1560 1633 1693 1397 1340 1062 1020 980 954 929 913 917 974 911 833 807 809 810 808 804 803 802 800 796 868 1129 1052 833 764 761 759 755 751 746 744 748 925 1128 1125 851 942 930 949 1363 1143 1144 1017 961 911 797 837 740 737 719 725 730 729 710 709 715 727 724 722 727 723 714 712 710
2250 1819 1760 1785 1923 2077 2025 1729 1620 1674 2074 2271 2225 1959 1734 1770 1764 1553 1481 1771 1674 1670 1710 1526 980 948 928 908 894 879 869 889 967 906 818 811 804 800 797 797 794 791 832 906 851 849 834 800 761 750 748 746 741 739 738 809 1104 1161 928 889 953 895 807 773 764 765 762 712 703 737 732 722 730 726 707 703 727 726 727 727 721 719 714 713 711
2643 2450 2106 2082 2156 2072 2118 1709 1624 1627 1690 1811 1910 1883 1830 2168 2222 2146 1808 1711 2272 2128 1840 1495 1183 1091 993 954 1006 937 891 866 851 833 818 809 802 798 795 793 790 789 798 788 859 1019 1089 1036 914 810 775 791 802 841 819 757 726 724 718 717 714 709 708 722 713 708 707 706 695 693 707 716 699 720 729 713 726 725 728 722 720 718 715 714 712
2070 2998 2644 2312 2216 2004 1863 1684 1633 1630 1649 1705 1808 2060 1897 1875 1968 2115 2421 2551 2074 2633 2126 1593 1382 1350 1185 1161 1315 993 925 910 872 837 824 809 801 796 792 790 790 788 789 790 791 920 1375 1562 1128 877 819 899 946 980 1071 767 721 720 717 714 711 709 706 706 706 707 707 710 718 716 718 718 722 726 727 730 728 722 722 720 719 716 715 713 714
1785 1961 2791 2357 2177 2047 1780 1733 1643 1642 1645 1769 1824 1872 1896 1818 1866 1955 2057 2216 2446 2176 2041 1696 1490 1389 1312 1188 1079 993 1015 901 878 853 826 810 799 794 791 788 790 790 789 787 788 841 941 1013 1004 901 889 1012 1320 1246 1006 841 744 715 714 712 711 708 705 707 707 707 707 712 712 713 712 714 712 713 719 722 721 721 719 718 717 713 714 714 714
1717 1988 2057 1841 1764 1918 1829 1746 1658 1655 1676 1757 1908 1829 1777 1756 1787 1851 1914 1996 2055 2193 1860 1950 1661 1415 1297 1190 1080 1137 1125 1045 923 869 851 808 796 792 790 789 788 788 787 786 787 787 813 853 886 910 918 1010 1035 994 907 805 727 712 712 711 712 708 710 707 707 706 709 708 712 712 710 710 710 710 712 719 720 719 719 716 715 724 723 727 724
1931 1774 1694 1677 1695 1807 2008 2020 1837 1762 1812 2164 2075 1846 1780 1714 1717 1757 1795 1854 1877 1846 1802 1850 1749 1482 1257 1190 1432 1426 1355 1315 1266 1132 888 816 803 793 789 788 786 786 784 787 787 787 795 808 937 928 912 859 889 881 813 750 714 712 710 711 711 711 710 708 708 714 703 709 713 714 713 713 710 714 716 718 727 723 741 736 727 724 724 725 721
1835 1643 1652 1670 1692 1799 1875 1955 2131 1910 1822 1895 2322 2151 1911 1686 1677 1687 1709 1749 1796 1863 1776 1784 2369 1527 1248 1341 1473 1936 1680 1801 1729 1253 1050 837 804 796 793 789 786 786 786 790 799 846 1105 855 770 764 762 776 789 745 749 716 716 714 713 712 713 725 714 720 711 710 711 709 708 712 726 733 733 732 729 741 733 731 727 726 729 724 719 718 717
1818 2058 1799 1862 1915 1757 1824 1877 1975 2167 1928 1818 1822 1993 2162 1689 1665 1654 1668 1682 1700 1835 1814 1829 1660 1416 1306 1738 2013 2452 2472 2275 2058 1434 1083 834 818 827 812 856 839 921 938 814 870 1012 985 814 794 801 806 782 737 726 721 718 716 715 713 713 714 714 728 723 718 710 709 708 706 713 719 737 773 763 756 750 743 744 735 762 770 771 748 718 820
1627 1988 2323 2061 2018 2122 1801 1935 2043 2488 2573 2290 1845 2186 2186 1728 1679 1665 1655 1667 1681 1707 1831 1867 1900 1472 1353 1511 1888 2577 2650 2685 2130 1779 1317 854 851 852 887 1038 903 984 928 947 988 983 913 895 920 915 915 905 869 805 749 722 716 715 714 714 713 712 711 713 726 723 713 711 709 719 764 788 842 866 801 788 829 820 839 865 937 933 940 882 709
2053 1712 1917 1898 2035 2285 1926 2362 2244 2163 2501 1999 1842 2062 1964 1998 1742 1682 1672 1687 1876 1750 1887 2250 1803 1878 1587 1433 1820 2125 2530 2301 2053 1670 1467 1013 900 895 900 1046 1030 951 1005 1192 1416 1406 1285 1130 1081 1051 1089 1082 1029 960 876 799 743 720 717 716 712 714 715 714 716 720 721 719 728 774 825 867 954 919 917 1005 925 848 918 1028 1246 1172 866 762 705
3098 2694 2021 1771 1857 1987 2262 2019 2259 2128 1965 2197 1847 1862 2015 1981 2216 2089 1800 1742 2137 2249 2363 2187 1914 1879 1931 1450 1549 1718 2144 2438 2135 1753 1357 1194 984 932 927 922 997 1028 1073 1257 1738 1935 1797 1389 1283 1341 1486 1562 1278 1206 1120 1009 910 803 725 724 717 715 717 721 726 731 745 794 794 870 953 1067 1057 1073 1133 1149 972 888 1105 1123 971 944 776 729 706
2433 3005 2682 1995 1659 1727 2087 2163 2147 2432 2203 2176 2182 1885 2037 2399 2070 2291 1941 1983 2177 2536 2197 2257 2148 1790 1586 1509 1595 1675 1912 2179 2929 2165 1530 1630 1167 1033 1035 977 934 937 999 1128 1301 1402 1502 1489 1558 1503 1444 1363 1353 1632 1516 1228 1213 1100 803 772 732 726 739 756 744 747 753 870 885 928 1074 1207 1306 1710 1621 1473 1488 1361 1113 995 926 802 757 730 712
2084 2628 2896 2558 1853 1508 1700 2094 2316 2174 2117 2414 2105 2867 2254 2296 2448 2354 2495 2057 1922 1966 2043 1860 1753 1562 1957 2145 1992 2034 1848 1979 2173 1983 2018 2092 2227 1431 1268 1226 1108 984 970 981 1063 1149 1248 1660 1611 1293 1268 1261 1201 1306 1462 1482 1495 1370 969 914 863 812 808 831 797 799 767 861 812 905 1037 1516 1121 1061 1043 1034 1067 1149 897 830 828 778 760 742 717
