Challenge_3/RasterMaps/Central_Asia.asc
NCOLS        899
NROWS        400
XLLCENTER    20.025000000000
YLLCENTER    18.975000000000
CELLSIZE     0.0833333333334
NODATA_VALUE -9999
[rows 259 to 295 of 400, columns 340 to 424 of 899]
3 1 3 5 7 5 7 6 9 10 9 9 11 12 15 13 15 34 166 306 284 282 302 336 702 1020 774 755 739 886 2022 1603 2326 1999 2083 2075 2106 2187 1761 1971 2966 2584 2387 2254 2038 2111 2121 2132 2524 2397 2315 2317 2464 2902 2446 2427 2453 2364 2404 2405 2573 2489 2491 2094 1779 1717 1633 1556 1503 1486 1538 1610 1748 1853 2015 2218 2356 2642 2325 2188 2153 1897 1831 1706 1612
2 3 3 6 5 3 3 2 4 5 7 5 8 11 10 12 16 37 46 241 420 428 349 328 420 601 711 702 775 1519 1226 1857 1580 1735 1907 1975 2167 2220 2108 2028 2316 2759 2401 1967 1872 2618 3001 2289 2123 2130 2841 2332 2314 2315 2581 2436 2238 2228 2309 2712 2534 2558 2278 2072 1982 1855 1775 1658 1593 1513 1507 1551 1712 1958 2097 2341 2584 2687 3014 2495 2315 2034 2171 1937 2039
3 4 3 5 3 3 1 1 2 -3 2 4 5 8 8 12 16 35 69 62 295 480 430 343 371 432 698 753 958 1541 2039 1382 1598 2069 2177 1477 1858 1793 2166 2436 2611 2404 2445 2347 2085 2114 2398 2160 2592 2166 2164 2655 3034 2660 2321 2259 2218 2158 2197 2428 2597 2848 2314 2347 2124 2012 1976 1727 1731 1573 1538 1519 1612 1779 1948 2082 2259 2407 2517 2455 2235 2169 2302 2137 2457
3 4 4 5 3 -6 1 -1 1 -2 -1 3 5 6 6 7 12 19 155 95 108 200 401 321 334 455 509 568 703 1126 1816 1377 1106 1328 1010 1575 982 1340 2222 2452 2494 2090 2817 3345 2402 2183 2043 2509 2153 2776 2383 2173 2276 2398 2482 2274 2268 2216 2104 2121 2242 2422 2626 2982 2136 2138 2077 1781 1703 1629 1559 1518 1565 1669 1784 1924 2058 2136 2251 2309 2292 2511 2565 2626 2693
3 3 2 2 1 -7 -4 -1 2 3 1 4 4 4 3 5 6 8 52 76 167 143 156 204 356 319 525 517 736 737 781 798 1187 1029 768 787 790 1484 1310 1520 2177 2601 2466 2825 2788 2256 1747 1772 1962 2518 2440 2556 2272 2255 2514 2566 2328 2330 2122 2066 2129 2279 2580 2821 2452 2425 1999 1933 1808 1642 1559 1517 1518 1586 1681 1764 1864 1953 2108 2079 2094 2186 2424 2799 2735
2 -2 -4 -5 1 3 3 -22 0 -4 3 4 2 2 2 3 6 4 5 7 21 132 161 267 442 303 404 522 667 796 789 736 732 1293 745 886 1124 931 1028 1576 1622 2404 2619 2260 2643 2330 1887 1721 1720 1659 2409 2618 2240 2800 2238 2196 2069 1990 1882 1975 1993 2077 2242 2390 2732 2520 2396 2358 1947 1836 1589 1517 1519 1520 1574 1645 1720 1795 1877 2009 1967 2228 2162 2309 2433
-6 -24 -23 1 2 3 3 -3 -1 -1 -1 2 1 1 2 3 3 3 -1 -1 -1 3 23 71 157 522 679 405 446 587 697 588 633 887 1168 994 992 1222 939 1227 1420 1814 2324 2104 1984 2623 2175 2522 1973 2133 1644 1615 1659 2245 2064 2338 1878 2160 1845 2028 2160 2080 2114 2227 2358 2535 2592 2497 2296 2124 1819 1549 1524 1534 1532 1553 1611 1659 1735 1829 1877 1880 1946 2001 2008
1 0 -32 0 3 0 3 -3 -1 -3 -29 -5 -1 -44 2 2 2 -5 -3 -7 -2 -10 5 31 93 214 376 665 812 546 776 751 774 886 1027 1045 1172 960 951 1183 1971 1610 1901 1973 1860 2053 2456 1841 1659 1656 1714 1614 1633 2040 2352 2370 1754 1774 2098 1934 2227 2265 2117 2128 2193 2289 2482 2512 2122 2007 1977 1603 1575 1576 1577 1555 1561 1616 1689 1750 1786 1819 1847 1864 1869
1 -1 1 1 -4 -1 -1 -3 -6 -3 -2 -5 -2 -16 -1 -1 -1 -2 -9 -14 -22 -5 3 15 30 91 180 302 480 619 530 629 804 980 1130 1152 1319 1232 1252 1261 2154 2104 1639 1659 1903 2229 2309 1891 1653 1600 1601 1603 1602 1604 1629 1652 1905 2239 1852 2151 2003 2130 2198 2307 2156 2114 2119 2327 2463 2127 2267 1949 1674 1619 1606 1554 1559 1598 1653 1701 1746 1787 1834 1853 1837
-4 -1 2 -15 -6 -2 -4 -4 -4 -9 -11 -11 -12 -21 -3 -8 -5 -7 -11 -15 -15 -13 4 12 20 42 85 293 428 469 390 911 665 740 998 1082 1164 1105 1440 1387 2210 2141 2213 1849 1871 2127 2362 2117 2053 1658 1596 1593 1675 1601 1611 2318 1636 2244 2039 1670 1901 1960 1872 2110 2562 2230 2451 2028 1995 1930 1829 1787 1728 1660 1643 1645 1648 1666 1701 1732 1779 1795 1818 1916 1887
-6 -7 -3 -2 -1 -8 -8 -8 -8 -8 -10 -17 -10 -18 -15 -14 -12 -11 -11 -16 -22 -17 -3 16 69 35 66 134 268 425 283 571 683 608 583 1326 1214 833 1009 953 1466 2029 2259 2783 2169 2182 2200 2365 1878 1882 1964 1590 1587 1590 1593 1586 2095 1634 1823 1635 1869 1780 2369 1630 1754 1778 2152 2565 2205 2105 1915 1797 1711 1681 1688 1754 1898 1905 1809 1780 1786 1770 1720 1803 1796
1 -4 -5 -11 -8 -19 -19 -15 -11 -13 -14 -19 -16 -14 -17 -15 -20 -18 -19 -21 -24 -23 -18 -3 67 71 39 89 199 161 285 429 388 408 533 567 848 892 752 1531 1157 1391 2387 2118 2222 2081 2271 2115 2204 1720 1834 1812 1615 1943 1582 1579 1575 1822 1693 1578 1939 1559 1559 1559 1559 1618 1611 1624 1793 2144 1898 1743 1732 1751 1760 1808 1914 2004 1878 1816 1763 1721 1723 1709 1727
-2 -4 -6 -10 -22 -11 -20 -20 -15 -15 -15 -14 -16 -15 -17 -16 -24 -16 -19 -24 -24 -25 -24 -25 -1 31 20 34 55 167 214 183 220 276 347 427 682 728 1368 898 1222 1140 2028 2389 2252 1993 2010 2242 1940 1682 1934 2114 2086 1864 1762 1579 1572 1569 1567 1578 1560 1631 1572 1881 1648 1568 1560 1570 1645 1739 2022 1832 1770 1867 2066 1933 2051 1988 1891 1827 1766 1734 1696 1689 1691
-3 -6 -8 -9 -12 -18 -19 -19 -15 -18 -13 -18 -18 -19 -20 -21 -23 -28 -22 -18 -28 -29 -27 -25 -16 -7 5 6 22 37 57 218 224 124 216 748 488 641 1079 852 844 1143 1339 2023 2306 2473 1928 1920 1880 1638 1524 1514 1602 1737 1593 1581 1593 1567 1565 1566 1561 1575 1937 1740 1567 1622 1963 1669 1580 1694 1896 2124 1881 1879 2061 2172 1973 1972 1925 1884 1834 1815 1753 1688 1689
-4 -8 -8 -8 -8 -11 -17 -18 -23 -20 -20 -24 -24 -23 -28 -30 -25 -26 -26 -28 -33 -31 -27 -28 -24 -15 -4 1 5 12 28 37 126 119 92 202 558 613 854 1171 867 822 828 1538 2835 2474 1730 2022 1802 2159 1479 1474 1462 1461 1468 1852 1706 1829 1647 1614 1569 1560 1559 1559 1678 1959 2048 1916 1628 1576 1780 2615 2105 1952 2011 2242 2154 1936 1898 1980 2122 1929 1826 1693 1688
1 -5 -2 -9 -8 -10 -13 -26 -19 -22 -24 -17 -23 -21 -27 -33 -29 -25 -29 -33 -36 -34 -31 -26 -30 -25 -14 -23 3 7 4 7 25 64 74 87 707 634 496 672 604 839 891 908 1523 2323 1633 2561 1753 1811 2141 1473 1643 1502 1468 2043 2155 1887 1890 1871 1741 1661 2155 2144 1559 1691 1665 1577 1560 1582 1943 2402 2141 2036 2110 2096 2347 1872 1916 2035 2078 2394 1917 1702 1687
-3 -5 -3 -9 -9 -11 -15 -13 -21 -25 -28 -27 -23 -19 -30 -23 -32 -27 -39 -35 -35 -36 -35 -24 -16 -31 -20 -8 2 3 6 10 18 25 59 198 1283 523 650 1066 843 704 720 794 1038 1283 2526 2213 2363 1720 2528 1539 1725 2322 1461 1482 1603 1832 1816 2078 2252 2166 1825 1828 2033 1594 1559 1584 1559 1557 1664 1663 2255 1987 2009 1893 2129 1701 1885 2032 2353 2145 1906 1729 1687
-7 -9 -10 -10 -10 -10 -12 -17 -26 -34 -32 -39 -34 -32 -34 -33 -32 -34 -39 -36 -42 -44 -41 -16 -25 -33 -19 -7 2 4 7 10 15 23 55 215 1217 894 805 1109 959 831 714 753 884 1309 1641 2562 1771 2116 1663 1948 1517 1543 2029 1477 1473 1490 1534 1678 2147 1763 1765 2026 1664 1915 1709 1580 1566 1556 1561 1576 1627 2081 2101 1728 1893 1598 1814 1853 1937 2087 2169 1889 1688
-18 -13 -12 -12 -14 -14 -16 -22 -27 -29 -34 -30 -32 -38 -39 -39 -43 -43 -41 -38 -38 -44 -44 -40 -28 -35 -26 -26 1 2 2 3 12 40 70 146 507 1386 883 956 1155 825 748 780 872 1586 1483 1711 2058 1890 1791 1967 1593 1503 1545 1773 1596 1509 1530 1624 2308 1664 2239 1970 1644 1862 1676 1768 2102 2011 2372 1646 1677 2402 2492 1691 1595 1578 1645 1710 1740 1792 1854 1767 1690
-28 -23 -27 -22 -24 -27 -25 -28 -31 -31 -31 -34 -34 -38 -38 -39 -47 -41 -42 -44 -35 -40 -41 -44 -35 -39 -31 -16 -1 -1 -1 2 8 25 95 114 504 839 1079 806 1098 1138 747 805 769 1025 2066 1699 1802 2021 1624 1742 2469 1731 1547 1641 2110 2168 1631 1605 2177 2096 1892 1568 1630 2162 2135 2512 2472 2173 2478 2441 2392 2000 2006 2149 1735 1573 1581 1604 1629 1668 1720 1723 1772
-20 -27 -24 -29 -31 -30 -30 -30 -30 -30 -36 -33 -38 -41 -40 -36 -41 -42 -41 -40 -44 -39 -37 -38 -38 -37 -34 -24 -27 -6 -1 -8 7 16 25 143 479 692 975 794 731 786 934 760 806 949 1523 2371 1788 1737 1522 1538 2000 2616 1679 1509 1392 1335 1522 1673 1784 1970 1789 1497 1562 1649 1509 1625 1681 1837 1659 1731 1902 1625 1889 1877 2254 1703 1573 1574 1577 1598 1641 1685 1704
-15 -24 -22 -21 -26 -26 -26 -31 -31 -33 -31 -32 -37 -45 -41 -39 -41 -43 -43 -42 -44 -44 -44 -37 -43 -42 -36 -29 -23 -3 20 -2 11 43 30 74 642 482 509 699 702 676 743 908 771 1008 1074 1740 1730 1811 1462 2044 1622 1839 2428 2876 2224 2203 1720 1218 1305 1689 1620 1372 1328 1351 1472 1490 1389 1395 1695 2463 1481 2391 2282 2188 2188 2097 1837 1601 1578 1579 1587 1638 1614
-13 -18 -21 -22 -24 -28 -27 -31 -31 -34 -29 -33 -35 -31 -38 -43 -42 -43 -44 -44 -46 -49 -46 -45 -43 -44 -39 -31 -25 -22 3 1 4 54 43 69 194 354 659 778 579 720 606 721 870 876 1110 1242 1494 1307 1318 1426 2636 1502 1806 1452 1200 1171 1221 1421 1180 1313 1441 1476 1282 1269 1335 1450 1635 1790 1463 1772 1810 1380 1708 2283 2010 1861 1784 1810 1600 1664 1674 1627 1600
-2 -15 -20 -21 -22 -28 -34 -37 -35 -40 -31 -30 -34 -32 -38 -45 -45 -44 -46 -45 -46 -47 -46 -45 -44 -49 -44 -37 -27 -24 -14 -5 -2 58 90 38 814 1033 660 650 819 532 609 728 862 843 943 1045 905 1361 1243 1770 1879 2115 1498 1910 1698 959 1860 1403 1305 1232 1238 1161 1258 1198 1192 1350 1405 1554 1250 1077 1064 1106 1113 1782 2617 2675 2351 2033 2019 1782 2138 1838 1740
1 -11 -19 -27 -19 -22 -31 -30 -30 -36 -38 -37 -38 -37 -43 -45 -43 -46 -49 -49 -49 -44 -49 -48 -47 -49 -47 -41 -35 -31 -22 -11 -15 76 88 29 53 267 571 850 1479 663 598 1051 1274 842 1114 1045 694 810 1013 1715 1166 1364 1960 1489 1076 924 1082 1599 1909 1626 1042 1048 1196 1385 1153 1276 1273 1314 1396 1155 1058 1075 1087 1108 1243 1612 1732 2486 2622 2010 1826 1648 2143
7 -7 -17 -23 -25 -17 -19 -32 -35 -31 -35 -39 -35 -37 -39 -44 -46 -47 -49 -54 -55 -53 -47 -49 -47 -56 -53 -50 -40 -33 -27 -19 -1 146 183 32 30 184 251 353 584 1131 464 790 695 798 888 618 550 886 1126 979 1355 1571 1710 1196 1484 864 947 1593 1220 1010 1011 1038 1068 1128 1136 1156 1217 1255 1317 1172 1071 1261 1317 1387 1245 1241 1395 1686 1592 2402 1755 1797 1677
27 6 -13 -23 -22 -20 -20 -24 -30 -33 -37 -41 -33 -32 -41 -41 -42 -44 -55 -52 -50 -50 -50 -47 -49 -53 -55 -57 -46 -34 -32 -23 -23 30 343 46 19 29 201 129 662 785 400 452 533 649 588 452 480 816 1290 907 1115 1073 1034 887 968 831 1016 1062 1080 1278 1054 1086 1259 1489 1456 1420 1499 1273 1297 1091 1038 1020 1020 1508 1212 1253 1368 1426 1468 1912 1993 1636 1538
22 7 4 -17 -18 -21 -17 -14 -24 -32 -36 -35 -45 -38 -36 -40 -40 -39 -47 -38 -46 -53 -55 -61 -49 -54 -55 -58 -52 -43 -37 -32 -28 -7 287 183 18 17 49 44 29 107 795 416 385 475 699 377 451 1150 856 667 925 1239 740 905 737 691 721 1348 946 1117 1426 1989 2007 1845 1524 1324 1232 1262 1126 1117 1344 1006 1000 1040 1031 1632 1506 1476 1288 1376 1692 1715 1790
21 5 -5 -11 -15 -14 -13 -15 -23 -24 -34 -37 -40 -40 -28 -43 -44 -45 -46 -52 -56 -55 -56 -57 -58 -54 -54 -57 -52 -55 -43 -39 -29 -17 11 447 50 15 25 353 77 34 173 536 803 445 320 688 515 971 726 779 1113 1055 1163 780 627 694 765 708 1033 783 905 1044 1460 1531 1676 1092 1086 1087 1083 1113 1177 1138 1045 1105 990 951 1081 1520 2053 994 947 1739 2171
32 30 11 -3 -13 -14 -11 -9 -14 -20 -28 -34 -41 -35 -31 -46 -38 -39 -43 -49 -49 -54 -56 -57 -56 -57 -58 -58 -60 -59 -54 -46 -36 -25 -24 18 363 24 12 68 1359 170 78 144 216 397 472 559 347 672 664 439 555 643 752 1042 704 654 739 1096 1037 796 797 868 1320 1112 966 884 848 1040 1190 1077 1088 1085 1247 1135 1294 1310 1386 1082 989 836 878 942 1252
41 23 16 -1 -11 -3 -8 -8 -16 -16 -25 -33 -32 -30 -29 -39 -37 -40 -41 -42 -42 -47 -54 -56 -59 -58 -56 -59 -63 -62 -54 -46 -43 -27 -15 4 14 11 24 104 157 550 201 494 498 189 177 198 221 299 464 577 517 555 587 666 698 662 621 1182 1088 1739 803 800 804 808 816 926 829 865 990 1054 1139 1130 1187 1448 1526 1295 1284 997 848 769 716 688 681
42 30 17 3 -4 -5 -4 -2 -9 -13 -18 -29 -34 -31 -21 -28 -31 -43 -42 -46 -46 -51 -58 -57 -53 -58 -57 -62 -58 -62 -61 -49 -46 -32 -20 -24 5 7 72 663 107 84 465 353 566 550 397 255 305 266 397 572 541 624 585 555 544 699 688 667 685 957 910 1083 1185 1022 956 856 847 894 989 1132 1152 1433 1023 888 839 835 778 867 1097 1032 1135 949 673
61 39 25 18 6 3 -3 -2 -4 -10 -19 -20 -30 -26 -42 -23 -19 -19 -39 -42 -47 -50 -27 -54 -48 -54 -61 -59 -63 -62 -59 -47 -45 -35 -24 -10 -1 6 69 364 68 26 14 313 1171 418 494 484 425 644 397 380 393 406 452 552 666 741 766 692 718 1112 1060 1033 901 1105 1089 910 1002 941 929 1047 1203 1182 1281 1177 924 881 986 914 694 913 777 1176 1556
59 35 20 18 5 -1 -1 -5 -3 -7 -19 -15 -22 -33 -34 -28 -17 -51 -42 -39 -45 -49 -54 -53 -34 -53 -60 -61 -60 -59 -64 -63 -48 -43 -31 -21 -7 -7 4 203 135 101 53 10 195 1114 567 908 503 354 378 709 734 547 492 692 523 658 833 988 755 658 678 1162 1192 810 858 971 1176 1090 1096 1141 1096 1381 1143 923 1098 833 669 646 650 644 635 664 685
60 52 33 19 8 1 3 -4 -2 -7 -15 -12 -18 -26 -31 -8 -41 -47 -43 -11 -43 -48 -44 -49 -50 -54 -57 -57 -63 -64 -61 -61 -60 -45 -33 -25 -18 -2 -2 -1 5 -1 -2 -1 -3 360 1066 681 671 605 427 465 420 1088 1374 713 554 533 927 600 625 868 655 745 900 994 954 956 814 786 794 981 1009 987 1114 1029 757 828 772 697 972 626 938 909 796
68 49 39 29 12 6 3 -4 -4 -7 -8 -13 -9 -18 -35 -32 -35 -24 -41 -31 -38 -39 -22 -54 -49 -52 -62 -63 -55 -65 -61 -59 -48 -45 -39 -29 -20 -18 -12 -8 -8 -7 -17 -44 -52 -13 278 819 903 1025 618 477 916 534 450 661 745 998 705 697 553 583 612 793 746 795 1197 1242 958 936 915 871 963 1605 1756 1244 627 685 590 614 763 547 704 964 1282
68 51 35 33 10 6 -1 -3 -2 -8 -10 -8 -8 -11 -16 -30 -34 -15 -27 -42 -40 -48 -53 -56 -57 -56 -62 -59 -61 -58 -63 -64 -60 -70 -53 -33 -31 -19 -16 -11 -9 -6 -10 -42 -62 -62 -43 -11 65 366 972 579 444 636 933 434 439 470 594 893 569 622 634 929 691 725 828 1221 1083 922 956 863 804 823 773 707 638 614 636 721 779 560 672 856 689
