Challenge_3/RasterMaps/Central_Asia.asc
NCOLS        899
NROWS        400
XLLCENTER    20.025000000000
YLLCENTER    18.975000000000
CELLSIZE     0.0833333333334
NODATA_VALUE -9999
[rows 111 to 147 of 400, columns 340 to 424 of 899]
-72 -75 -78 -79 -80 -82 -91 -110 -133 -159 -197 -236 -269 -305 -331 -355 -379 -404 -412 -412 -400 -384 -362 -332 -304 -265 -221 -181 -141 -113 -89 -76 -66 -60 -56 -57 -61 -64 -61 -52 -42 -28 32 37 50 56 54 90 92 78 106 98 93 -19 100 126 115 115 120 136 168 196 210 219 213 212 224 117 108 109 46 28 -39 -61 -35 88 211 225 240 268 286 280 261 243 229
-75 -78 -80 -81 -83 -90 -105 -133 -171 -211 -251 -287 -319 -347 -373 -397 -420 -434 -442 -434 -420 -396 -367 -332 -297 -252 -213 -168 -125 -101 -81 -72 -68 -70 -75 -78 -80 -77 -73 -63 -51 -36 8 10 18 29 63 72 73 88 96 87 72 -12 -58 -56 106 103 109 111 126 147 179 197 204 213 199 209 115 105 70 14 -69 -51 184 196 188 205 214 229 236 254 267 253 244
-77 -80 -82 -84 -89 -101 -123 -167 -219 -272 -313 -341 -365 -390 -417 -435 -447 -459 -464 -457 -436 -410 -379 -343 -304 -258 -220 -181 -134 -111 -95 -83 -86 -95 -104 -107 -101 -92 -82 -71 -59 -46 -31 -28 -30 -31 -30 76 -12 -28 62 51 58 54 -26 -57 89 101 96 54 22 43 125 155 173 184 199 205 167 115 43 -36 -65 32 181 181 190 193 198 205 205 200 200 203 214
-78 -81 -85 -90 -99 -120 -156 -213 -275 -331 -367 -391 -416 -430 -450 -467 -478 -485 -489 -481 -466 -436 -404 -368 -323 -280 -255 -219 -191 -172 -156 -135 -135 -138 -140 -134 -121 -109 -92 -78 -65 -52 -43 -41 -40 -40 -37 -33 -33 -34 -31 -28 -21 69 87 97 116 126 118 111 7 -5 13 115 146 157 163 167 131 41 4 -55 -52 182 179 171 181 189 196 198 194 186 169 160 169
-79 -83 -89 -98 -112 -141 -197 -258 -325 -376 -418 -439 -458 -476 -493 -507 -515 -517 -517 -511 -497 -477 -447 -415 -368 -319 -317 -305 -283 -290 -271 -223 -198 -184 -173 -159 -141 -127 -107 -82 -69 -62 -55 -51 -49 -48 -45 -41 -41 -40 -34 -28 -28 -4 102 125 140 138 132 121 124 129 129 108 140 148 132 134 69 20 -47 -69 31 191 176 170 188 180 187 197 203 208 182 161 149
-78 -83 -92 -108 -128 -178 -239 -310 -375 -421 -458 -485 -507 -521 -535 -548 -557 -556 -553 -543 -526 -511 -498 -473 -429 -402 -405 -399 -378 -364 -343 -295 -252 -224 -205 -182 -161 -141 -122 -98 -78 -72 -67 -62 -57 -53 -49 -45 -47 -48 -46 -32 -28 87 118 134 145 151 140 133 133 131 139 139 132 136 127 53 18 28 25 54 168 184 184 158 169 172 169 180 199 214 186 163 135
-76 -82 -93 -114 -156 -217 -292 -368 -428 -474 -508 -530 -547 -564 -582 -599 -605 -605 -598 -585 -568 -553 -541 -534 -529 -521 -502 -466 -431 -407 -371 -328 -291 -256 -228 -204 -180 -158 -140 -125 -103 -86 -78 -72 -65 -58 -50 -47 -50 -53 -51 -42 121 130 137 139 151 157 161 158 158 162 139 18 17 17 21 17 17 23 62 113 164 166 152 155 157 155 163 174 188 199 178 153 124
-72 -78 -91 -116 -171 -246 -338 -419 -481 -528 -560 -576 -590 -602 -622 -635 -644 -642 -635 -617 -604 -592 -585 -574 -566 -552 -533 -500 -462 -429 -398 -353 -318 -280 -246 -220 -196 -173 -154 -138 -124 -107 -90 -81 -73 -65 -57 -51 -51 -52 -48 -29 123 135 137 145 156 164 140 139 133 137 21 20 20 14 17 16 27 50 80 116 136 138 154 159 173 185 176 172 184 191 174 146 141
-67 -77 -90 -116 -181 -270 -380 -473 -539 -587 -618 -627 -630 -638 -654 -671 -682 -682 -671 -655 -640 -628 -620 -612 -598 -575 -547 -521 -485 -448 -416 -373 -334 -298 -259 -229 -207 -183 -164 -147 -132 -117 -100 -86 -77 -70 -63 -57 -51 -45 -36 103 123 128 144 153 150 157 144 142 136 152 116 57 17 -24 17 16 15 71 102 127 126 144 155 157 154 163 187 196 195 184 183 167 152
-61 -74 -88 -117 -183 -289 -412 -516 -594 -638 -662 -669 -673 -677 -691 -703 -713 -711 -704 -690 -681 -668 -658 -641 -624 -595 -565 -531 -505 -466 -431 -392 -347 -308 -267 -234 -211 -186 -167 -150 -134 -120 -104 -89 -79 -74 -68 -60 -50 -37 41 106 124 135 151 157 157 159 164 111 129 146 129 78 -39 19 26 26 81 114 147 146 142 149 156 163 169 170 183 175 180 195 205 179 161
-54 -69 -83 -113 -175 -283 -431 -547 -625 -676 -699 -709 -709 -714 -720 -729 -737 -737 -729 -720 -715 -706 -695 -676 -650 -620 -588 -554 -523 -492 -451 -412 -362 -315 -271 -236 -209 -187 -167 -149 -132 -119 -105 -93 -83 -78 -71 -61 -49 40 83 88 111 137 154 137 119 113 122 139 128 136 145 164 68 143 59 89 103 131 158 154 166 171 174 179 175 157 173 149 174 194 216 216 192
-39 -57 -75 -101 -159 -256 -426 -554 -647 -698 -721 -729 -734 -736 -744 -750 -759 -756 -755 -747 -742 -732 -720 -703 -683 -649 -618 -578 -547 -517 -476 -428 -380 -325 -280 -238 -210 -187 -167 -146 -130 -118 -107 -95 -87 -79 -73 -60 -42 52 73 92 106 115 124 119 123 -28 -28 -28 -28 -28 -28 -28 -28 -28 -28 138 148 176 179 175 171 183 185 189 194 176 176 158 167 181 195 208 203
-32 -48 -60 -81 -133 -228 -394 -543 -653 -708 -733 -742 -746 -752 -759 -767 -771 -776 -780 -775 -769 -763 -751 -733 -715 -682 -643 -609 -572 -537 -503 -453 -405 -345 -296 -248 -217 -192 -169 -147 -129 -118 -108 -98 -89 -82 -75 -63 -51 -28 72 85 115 97 100 -23 -28 -28 -28 -28 -28 -28 -28 -28 -28 -28 -28 168 209 193 192 195 209 209 207 213 204 184 187 177 179 180 186 186 190
-8 -29 -38 -60 -97 -189 -349 -514 -646 -697 -716 -722 -730 -741 -756 -764 -770 -798 -810 -793 -790 -782 -775 -756 -737 -710 -674 -631 -597 -556 -524 -483 -432 -374 -319 -265 -226 -200 -176 -151 -131 -120 -110 -101 -92 -83 -76 -65 -53 -35 60 96 83 88 91 -28 -28 -28 -28 -28 -28 -28 -28 -28 -28 -28 -28 200 223 229 229 225 247 241 235 224 210 190 190 181 199 199 198 198 186
73 33 24 -29 -58 -130 -255 -455 -608 -651 -669 -684 -700 -715 -729 -740 -750 -777 -797 -797 -800 -800 -791 -775 -754 -729 -697 -651 -611 -575 -545 -517 -461 -404 -342 -291 -244 -215 -187 -159 -136 -124 -114 -105 -96 -86 -78 -69 -55 -31 52 67 63 71 -28 -28 -28 -28 -28 -28 -28 -28 -28 -28 -28 -28 -28 -28 244 270 262 267 263 258 249 242 223 205 196 193 210 211 211 213 216
173 145 103 47 -11 -71 -155 -308 -446 -511 -564 -603 -638 -665 -684 -694 -714 -733 -763 -783 -799 -801 -796 -778 -762 -735 -704 -655 -613 -579 -554 -521 -476 -424 -368 -315 -267 -229 -200 -168 -143 -127 -118 -109 -100 -90 -81 -70 -53 -28 46 55 45 -28 -28 -28 -28 -28 -28 -28 -28 -28 -28 -28 -28 -28 -28 -28 34 287 298 295 277 272 256 240 235 224 216 213 212 215 239 245 234
377 240 162 78 15 -28 -62 -149 -239 -316 -387 -458 -518 -566 -602 -621 -659 -696 -729 -765 -787 -795 -788 -772 -752 -731 -695 -649 -609 -576 -547 -519 -485 -442 -399 -341 -291 -245 -209 -176 -149 -131 -122 -112 -103 -93 -83 -74 -61 -50 -38 41 -20 -28 -28 -28 -28 -28 -28 -28 -28 -28 -28 -28 -28 -28 -28 -28 29 309 312 315 293 281 276 281 270 256 244 225 208 211 242 272 251
365 382 224 136 70 1 -28 -54 -83 -113 -184 -263 -347 -413 -465 -513 -574 -633 -684 -722 -761 -772 -767 -745 -727 -699 -662 -626 -593 -556 -524 -503 -483 -453 -424 -366 -309 -254 -212 -178 -153 -134 -124 -115 -106 -95 -86 -77 -66 -52 -36 -16 -7 -25 -28 -28 -28 -28 -28 -28 -28 -28 -28 -28 -28 -28 -28 -28 -17 301 220 303 313 313 314 324 323 321 301 270 242 229 250 284 269
635 494 387 259 145 50 -9 -28 -38 -56 -92 -140 -184 -227 -277 -360 -459 -550 -606 -656 -716 -738 -731 -707 -677 -647 -621 -588 -560 -535 -512 -490 -475 -457 -431 -383 -317 -257 -211 -181 -156 -137 -126 -118 -108 -98 -88 -79 -69 -50 -33 -28 -2 -22 -28 -28 -28 -28 -28 -28 -28 -28 -28 -28 -28 -28 -28 -28 -28 -18 166 162 298 317 324 341 346 352 346 303 268 272 268 275 277
906 684 495 362 222 104 19 -10 -28 -37 -52 -66 -89 -105 -144 -217 -310 -392 -456 -521 -604 -649 -653 -629 -613 -583 -562 -537 -519 -498 -481 -466 -459 -447 -427 -387 -320 -262 -216 -184 -160 -140 -128 -120 -111 -100 -91 -81 -73 -57 -44 -37 -28 -27 -28 -28 -28 -28 -28 -29 -29 -29 -29 -29 -29 -29 -28 -28 -28 -28 -28 192 279 306 326 256 247 345 361 339 308 317 281 249 255
1066 880 582 449 280 196 63 -3 -22 -30 -40 -48 -57 -69 -86 -120 -174 -213 -278 -351 -442 -501 -526 -522 -520 -511 -495 -477 -456 -444 -438 -437 -437 -429 -413 -378 -323 -270 -223 -190 -164 -144 -131 -123 -113 -103 -94 -85 -77 -66 -52 -46 -37 -28 -28 -28 -28 -29 -29 -29 -29 -29 -29 -29 -29 -29 -29 -29 -29 -28 -28 -28 -28 37 256 224 176 137 146 278 346 328 316 260 213
1530 1124 788 582 638 315 206 -1 -18 -25 -35 -42 -46 -52 -69 -79 -93 -109 -141 -199 -242 -328 -390 -397 -408 -415 -413 -402 -387 -382 -390 -400 -410 -406 -389 -361 -321 -273 -229 -195 -166 -144 -131 -123 -115 -106 -97 -87 -79 -72 -61 -52 -44 -33 -28 -28 -29 -29 -30 -30 -30 -30 -30 -30 -29 -29 -29 -29 -29 -29 -29 -28 -28 -28 -28 47 224 146 105 179 310 353 334 280 210
1562 1740 1351 868 1168 683 344 182 72 -6 -33 -41 -47 -53 -62 -71 -78 -81 -98 -132 -176 -233 -280 -301 -320 -333 -331 -323 -314 -319 -330 -351 -375 -382 -371 -349 -318 -273 -234 -197 -165 -144 -130 -123 -115 -107 -98 -89 -81 -74 -65 -55 -47 -35 -26 -28 -29 -30 -30 -30 -30 -30 -30 -30 -30 -30 -29 -29 -29 -29 -29 -29 -28 -28 -28 -28 -28 164 154 222 326 244 256 290 283
2370 1631 1246 1216 972 1393 1024 672 278 30 -29 -39 -48 -56 -66 -75 -81 -88 -101 -120 -150 -183 -213 -233 -251 -258 -254 -240 -235 -247 -273 -304 -338 -360 -360 -340 -314 -269 -229 -193 -162 -139 -126 -120 -113 -105 -98 -89 -82 -75 -66 -56 -48 -36 -25 -28 -29 -30 -30 -30 -30 -30 -30 -30 -30 -30 -30 -29 -29 -29 -29 -29 -29 -29 -28 -28 -28 -28 190 177 250 218 241 259 268
2552 2445 1755 1383 1036 927 861 930 363 381 -4 -31 -41 -52 -65 -77 -84 -95 -107 -126 -135 -152 -167 -177 -184 -190 -184 -173 -172 -188 -216 -257 -305 -335 -348 -338 -309 -264 -223 -189 -158 -135 -123 -116 -110 -103 -96 -89 -81 -74 -65 -54 -45 -36 -34 -26 -29 -30 -30 -30 -30 -30 -30 -29 -30 -30 -29 -30 -29 -29 -29 -29 -29 -29 -28 -28 -28 -28 119 147 180 161 159 192 322
2055 2016 2032 1813 1528 1694 1557 1092 567 533 464 36 -30 -41 -55 -67 -79 -89 -99 -109 -117 -124 -128 -128 -130 -130 -130 -124 -124 -139 -173 -215 -267 -308 -332 -324 -296 -253 -216 -184 -154 -132 -120 -112 -106 -100 -94 -87 -81 -73 -64 -52 -45 -40 -32 -31 -28 -29 -29 -30 -29 -29 -29 -28 -29 -29 -29 -29 -29 -29 -29 -29 -29 -28 -28 -28 -28 -13 4 166 117 119 120 97 163
1534 1919 1643 1469 1544 1419 1692 1258 1158 916 413 236 2 -27 -33 -50 -65 -76 -80 -84 -87 -88 -86 -85 -87 -93 -96 -98 -106 -120 -148 -189 -233 -274 -304 -301 -277 -246 -214 -185 -155 -132 -120 -110 -104 -98 -93 -87 -80 -73 -64 -53 -48 -41 -28 -27 -28 -29 -29 -29 -29 -29 -28 -23 -28 -29 -29 -29 -29 -29 -29 -29 -26 -28 -28 -28 -10 18 70 104 196 123 105 108 122
1249 924 1072 1282 1213 1131 1138 979 969 962 603 635 107 -20 -30 -41 -52 -60 -62 -62 -61 -59 -54 -55 -60 -70 -78 -84 -97 -116 -142 -176 -212 -242 -266 -271 -261 -240 -218 -191 -161 -134 -120 -110 -103 -96 -91 -85 -80 -73 -64 -56 -49 -39 -21 -28 -28 -28 -28 -28 -28 -28 -28 -14 -28 -29 -29 -28 -28 -28 -28 -28 -28 -28 -28 -28 59 40 63 87 184 179 222 181 149
686 499 843 943 994 933 949 731 673 583 608 426 194 67 -28 -35 -40 -45 -46 -43 -40 -36 -33 -35 -41 -54 -67 -76 -90 -115 -142 -169 -198 -225 -245 -254 -252 -240 -226 -201 -167 -139 -123 -111 -102 -95 -89 -83 -78 -72 -64 -56 -47 -34 -23 -17 -18 -17 -12 -10 -15 -12 -20 -21 -28 -28 -28 -28 -28 -25 -26 -26 -24 148 179 175 136 114 130 131 145 294 226 282 172
239 378 631 647 550 754 928 900 737 499 532 498 287 210 20 -10 -28 -29 -29 -22 -21 -30 -30 -32 -37 -48 -57 -67 -78 -106 -135 -162 -190 -216 -234 -244 -245 -240 -229 -202 -167 -138 -121 -110 -100 -92 -86 -81 -77 -70 -63 -52 -40 -28 -24 -14 -12 -1 9 19 4 -29 -15 -16 -11 125 206 239 233 36 77 102 146 174 198 245 246 244 254 220 231 302 258 230 260
66 72 111 502 628 471 770 712 567 575 587 337 269 161 51 40 38 4 44 14 1 -8 -22 -30 -31 -43 -53 -61 -73 -96 -127 -154 -180 -207 -226 -234 -236 -234 -223 -191 -156 -130 -118 -107 -97 -89 -83 -77 -73 -68 -61 -49 -33 -29 -15 -3 7 21 20 32 -17 40 111 112 138 139 128 134 116 194 73 75 154 175 198 243 255 233 297 331 346 292 397 298 261
23 27 21 99 387 473 458 652 731 410 292 294 315 172 141 148 137 43 22 47 27 -5 7 19 -29 -38 -47 -51 -62 -85 -118 -143 -165 -189 -210 -220 -223 -220 -200 -170 -137 -119 -110 -100 -92 -86 -80 -76 -70 -66 -60 -52 -33 -30 -9 9 30 6 56 75 88 79 126 162 137 144 131 114 113 88 33 34 75 143 192 104 114 123 133 217 292 389 360 329 302
8 6 17 8 29 280 370 401 520 382 261 211 144 112 144 61 72 -3 -29 -28 -29 -30 -29 -28 -28 -32 -29 -30 -45 -59 -86 -120 -148 -170 -189 -200 -204 -196 -178 -153 -130 -114 -102 -94 -87 -82 -78 -74 -69 -64 -58 -48 -28 -26 7 26 17 12 161 175 135 122 169 155 165 163 133 134 110 118 9 198 181 88 122 145 76 44 58 7 -1 28 182 216 203
-6 -9 -10 -4 -6 28 216 198 361 435 398 154 102 81 60 -23 -31 -32 -31 -31 -33 -34 -33 -31 -28 -35 -40 -46 -38 -31 -31 -78 -131 -159 -178 -187 -188 -177 -160 -139 -125 -109 -96 -87 -83 -79 -76 -73 -69 -64 -57 -48 -29 -28 12 11 46 115 234 227 208 175 196 178 151 163 156 182 174 155 211 203 183 174 164 144 118 133 81 48 -2 2 94 92 180
-17 -18 -20 -21 -15 2 122 342 99 79 234 189 83 -2 -29 -33 -38 -39 -40 -39 -37 -36 -36 -37 -34 -39 -46 -49 -50 -52 -64 -91 -144 -184 -190 -191 -190 -175 -151 -128 -114 -99 -88 -83 -81 -78 -75 -73 -69 -65 -58 -50 -33 -24 10 24 70 129 196 244 204 163 142 150 159 181 194 214 213 191 244 196 178 185 182 177 168 155 134 113 67 78 2 47 85
-16 -17 -16 -17 -18 -22 -11 121 46 32 27 168 23 -29 -31 -32 -34 -39 -41 -38 -33 -37 -38 -45 -45 -47 -60 -76 -105 -120 -167 -233 -268 -262 -214 -210 -223 -199 -159 -128 -105 -89 -81 -79 -79 -77 -75 -72 -69 -65 -60 -51 -34 -15 6 48 77 79 111 87 81 167 155 163 181 215 206 244 279 271 256 226 189 166 162 172 178 173 181 171 126 94 75 52 38
-14 -13 -16 -18 -21 -20 -22 11 136 54 13 123 130 -17 -30 -29 -33 -41 -44 -41 -36 -37 -38 -41 -53 -80 -123 -184 -247 -284 -331 -383 -420 -425 -398 -370 -337 -256 -182 -127 -96 -81 -78 -78 -78 -77 -75 -74 -70 -66 -61 -53 -39 -28 -28 -21 -28 -23 11 30 -28 -28 -25 -25 -13 77 176 243 295 360 334 327 265 198 174 158 148 167 172 172 167 146 112 63 42
