Challenge_3/RasterMaps/Central_America.asc
NCOLS        1121
NROWS        500
XLLCENTER    -126.741666666667
YLLCENTER    -5.441666666667
CELLSIZE     0.0833333333334
NODATA_VALUE -9999
[rows 385 to 419 of 500, columns 711 to 789 of 1121]
109 115 111 125 128 142 105 102 101 124 107 112 118 190 139 119 146 152 298 415 367 408 485 591 754 809 958 1060 1335 1361 1440 1119 1264 1444 1241 909 891 738 722 704 853 877 583 571 480 736 729 1151 721 937 757 605 541 474 416 704 518 693 710 723 570 552 521 521 512 505 589 667 392 248 235 222 253 175 174 202 181 152 109
86 102 102 103 99 95 99 105 113 131 136 114 122 129 304 237 156 357 411 441 445 472 426 566 742 1229 983 1040 968 1094 1433 1054 1383 1382 1393 1104 775 965 727 673 671 1084 971 618 590 607 610 1068 737 966 790 667 836 445 481 420 628 638 448 699 322 339 627 838 626 342 283 643 500 393 236 195 204 136 169 139 123 120 192
113 106 113 109 99 112 110 113 101 146 127 108 125 109 173 352 465 472 409 400 380 469 366 497 697 986 1089 889 945 989 999 952 1308 1161 1019 1475 783 844 884 715 584 697 996 669 575 590 591 696 697 676 597 627 521 479 486 810 470 450 296 290 309 292 260 516 402 278 228 259 214 195 172 141 131 110 119 124 116 104 110
114 116 114 113 101 104 100 105 110 125 129 129 113 123 137 142 909 429 410 433 521 867 267 502 2214 908 888 674 788 1041 967 953 1065 1110 973 860 866 1329 703 705 664 585 569 553 606 482 435 371 687 657 376 511 802 653 633 949 1145 901 363 286 269 380 317 363 330 224 234 254 207 490 196 147 110 101 103 113 107 99 114
85 100 113 116 108 102 103 104 111 124 122 118 110 138 131 153 274 505 320 198 166 402 380 969 2030 810 731 289 643 918 749 1052 1020 972 796 818 1390 1218 1343 843 643 678 524 519 505 644 368 348 373 378 354 410 841 1210 1273 1385 1371 1177 384 398 223 255 344 348 308 284 213 230 233 252 284 158 104 96 95 112 96 88 88
95 111 99 109 118 103 104 106 111 116 110 107 156 182 197 176 279 401 200 201 190 1200 857 1173 1698 2104 839 270 462 308 842 1080 957 841 803 1125 994 1030 1030 688 658 510 560 462 672 451 678 617 441 351 361 349 360 494 1287 779 875 743 428 439 258 203 267 297 310 299 228 175 185 162 153 128 119 105 98 139 112 110 108
115 105 107 103 103 109 109 102 106 118 104 152 141 244 167 140 150 221 171 175 206 1739 1230 1005 923 963 343 322 216 268 949 1006 871 776 926 1033 1076 1263 477 586 685 665 598 511 534 439 543 586 441 487 340 355 348 358 354 669 1012 926 285 754 291 207 215 243 340 306 258 198 155 142 118 110 145 116 91 92 119 98 92
102 89 118 110 117 107 113 108 106 111 107 106 186 140 135 131 150 157 169 143 344 1394 1292 1146 442 386 199 191 190 246 538 1106 845 933 964 1015 879 1088 485 666 620 618 615 529 465 484 638 596 669 640 359 362 327 342 337 600 664 490 522 385 374 261 300 203 451 209 264 188 186 120 131 105 154 116 121 104 103 95 77
94 102 88 112 120 114 108 117 106 104 109 109 122 134 141 184 145 219 190 161 517 1825 1616 1576 328 224 211 179 186 197 271 851 632 943 1331 1114 959 1008 386 493 660 639 639 606 607 494 492 592 653 483 495 378 358 341 347 348 352 327 383 396 743 658 527 248 253 190 205 222 170 188 143 126 130 109 102 93 94 96 99
100 110 103 113 106 121 125 114 140 110 114 108 133 157 224 256 202 291 127 168 232 457 2037 1921 216 326 166 160 179 199 834 538 818 925 1032 1170 797 337 472 745 1033 1029 624 514 519 543 540 517 433 561 529 360 352 347 347 335 347 340 326 325 335 315 310 337 331 246 241 219 181 166 168 114 97 104 98 152 123 111 98
91 88 99 120 118 114 117 109 119 115 113 115 121 197 275 269 273 232 122 154 138 149 163 167 148 218 148 246 210 224 175 486 794 843 959 715 249 455 473 897 1426 1081 713 505 564 467 472 518 733 454 578 621 357 369 362 339 337 316 302 301 334 333 336 294 291 264 247 245 238 198 195 151 139 107 108 126 126 165 131
114 88 98 115 99 100 95 94 113 113 116 111 110 134 146 191 203 158 123 124 124 124 124 127 198 161 221 194 223 188 169 861 926 476 999 217 494 498 669 1236 1276 1118 1063 720 567 567 537 511 605 654 648 381 388 354 370 362 360 325 348 346 321 320 299 279 315 273 269 278 218 208 133 126 117 99 117 123 127 117 119
115 96 105 107 112 114 101 112 98 105 118 123 122 115 121 126 125 137 123 120 147 129 158 174 135 220 225 179 156 162 177 285 923 814 170 204 538 1164 925 1248 1234 1211 1253 911 1126 726 582 604 519 527 632 598 595 659 371 360 386 366 338 334 332 336 313 335 313 303 286 271 248 273 198 146 140 119 112 106 109 100 94
112 115 111 118 118 110 112 110 112 112 117 115 137 125 114 117 145 120 123 145 134 145 137 197 251 132 153 142 161 158 155 178 278 206 189 204 833 900 1223 1127 1295 1210 1220 934 780 656 703 595 581 570 842 660 643 556 619 327 348 364 341 351 352 362 339 349 338 334 318 263 272 185 159 135 105 113 114 106 94 82 86
121 104 109 115 112 121 120 115 110 108 111 117 122 152 189 122 141 121 114 120 148 154 192 224 160 149 133 143 180 153 197 164 168 179 216 325 862 975 1287 1204 1267 1355 1258 872 727 683 702 755 696 528 377 408 308 338 321 312 341 333 321 330 287 310 349 334 302 326 307 303 235 180 151 113 89 106 106 91 87 85 83
126 115 118 106 114 113 118 118 113 105 105 114 116 129 140 120 136 117 138 123 118 157 154 143 171 154 140 132 146 167 172 156 183 197 177 228 205 993 1129 990 1271 1304 1089 807 930 1090 939 860 735 651 304 279 308 304 290 283 276 298 282 278 286 277 306 247 311 273 247 250 192 176 182 127 103 108 107 103 86 84 82
120 121 114 116 113 107 115 110 97 98 116 110 134 114 110 116 115 115 134 128 142 142 139 146 176 179 160 139 145 150 149 160 164 180 167 182 551 405 732 1055 1174 1128 1221 850 757 932 914 742 734 724 523 383 312 323 312 285 268 274 269 249 271 303 248 236 224 193 197 220 197 172 153 131 105 98 83 92 94 84 82
97 114 109 105 91 94 91 91 91 102 99 102 103 107 109 111 109 112 134 150 141 149 182 186 180 230 166 151 161 191 180 165 186 207 532 781 997 454 686 879 967 1216 1293 840 822 864 821 864 724 796 825 657 305 315 328 325 296 268 298 307 295 269 265 281 239 224 213 236 163 145 119 121 120 104 111 91 98 109 66
117 105 124 121 94 99 108 89 104 110 112 108 108 118 110 124 103 113 133 146 153 164 202 189 209 184 197 160 149 202 158 163 172 188 674 684 716 576 431 766 924 1205 1272 818 855 906 861 812 792 772 851 662 331 316 331 358 299 309 307 293 543 336 289 223 209 218 178 145 149 127 107 123 137 131 97 118 125 114 91
115 110 95 127 124 108 110 103 103 102 112 110 109 104 95 93 106 131 122 118 136 158 157 173 182 297 205 277 147 157 162 184 179 379 542 641 345 531 289 650 850 1122 1071 1003 987 851 917 792 844 974 753 823 703 379 351 354 419 308 313 295 263 242 243 250 278 187 156 135 106 121 180 240 388 197 116 483 251 105 91
111 110 113 96 119 111 111 122 116 104 89 99 105 100 119 122 107 112 125 143 128 154 137 193 167 621 541 202 152 159 161 172 174 276 300 633 787 474 315 362 509 887 979 998 1065 876 850 746 885 877 864 370 395 335 324 316 321 307 274 262 481 261 224 239 177 149 134 127 141 154 146 110 134 107 315 117 108 108 80
115 117 107 111 105 104 123 115 121 110 118 104 99 108 118 125 117 112 138 122 113 128 126 156 151 217 327 202 162 158 168 213 192 200 177 197 260 210 222 342 450 720 428 632 1107 600 591 668 899 994 874 735 450 344 356 307 311 273 261 224 264 358 293 200 157 142 151 180 184 147 115 97 99 125 128 93 192 172 86
115 121 112 97 107 107 105 108 113 119 110 101 97 100 101 110 109 111 120 111 122 131 145 170 205 519 212 168 163 173 196 223 468 185 183 565 207 208 232 233 295 393 432 581 582 542 627 641 881 981 825 663 718 325 287 272 313 315 275 261 224 194 209 175 149 179 189 239 206 112 108 110 83 81 108 93 86 87 89
117 114 119 101 108 108 111 95 99 100 111 107 104 95 92 108 103 107 108 104 125 144 135 150 472 432 226 176 240 190 200 317 505 196 250 252 242 289 410 309 489 347 305 323 456 582 599 624 899 939 815 683 260 316 302 240 230 248 279 207 200 171 174 178 198 187 187 456 206 164 121 171 87 106 99 110 82 79 68
101 113 113 114 115 109 98 109 108 106 105 105 108 92 102 96 102 107 107 110 132 118 140 288 374 612 185 166 218 157 175 293 575 505 272 320 233 683 331 461 604 540 341 547 565 566 588 592 713 898 623 285 191 373 308 287 304 295 252 200 201 157 166 162 153 184 142 143 161 136 104 84 83 142 85 79 89 61 85
98 120 132 117 107 99 107 87 94 94 103 101 106 110 113 104 107 107 106 122 107 106 139 172 164 746 182 162 159 170 171 199 740 619 662 565 474 619 602 601 593 586 587 608 620 430 433 530 331 408 152 171 183 217 256 180 273 197 192 178 228 149 153 140 154 153 163 131 187 152 119 90 76 64 86 75 95 72 80
116 116 120 114 119 90 109 110 104 105 101 86 104 109 105 108 106 110 109 103 114 111 118 233 842 727 201 170 155 190 756 815 648 604 699 672 601 583 668 604 596 595 543 548 583 152 143 145 165 310 154 143 163 253 172 164 160 175 172 167 142 134 133 140 132 157 151 172 167 131 92 64 74 66 71 60 65 73 70
116 111 113 114 117 103 97 108 99 108 101 91 108 125 108 106 102 110 109 109 114 114 121 145 771 248 190 187 175 190 529 603 586 584 559 571 582 580 604 569 599 587 452 233 154 157 132 134 142 133 140 162 127 154 139 152 151 146 150 159 190 153 143 134 151 150 250 155 538 149 84 71 72 68 57 71 53 67 93
120 103 120 97 113 99 101 117 108 107 102 105 100 116 117 115 113 106 125 137 153 111 161 839 896 884 215 178 373 564 591 594 588 565 564 577 563 578 571 591 580 604 261 139 140 136 137 123 125 132 139 141 133 130 130 130 133 164 138 396 190 132 123 134 125 316 784 624 1196 1272 231 70 50 57 74 59 49 70 90
123 119 123 107 111 100 95 98 108 105 104 93 102 111 145 113 104 107 136 337 478 122 449 709 586 295 680 179 560 542 553 545 522 562 556 556 583 570 605 599 593 623 155 139 133 126 120 118 124 133 113 126 133 154 110 126 137 155 127 178 150 131 125 128 149 170 614 669 901 89 71 62 49 64 55 61 61 68 83
126 114 122 115 110 104 102 95 108 103 110 95 105 104 101 102 98 108 111 778 673 174 673 537 572 706 486 877 528 543 523 544 580 685 598 575 605 690 614 592 550 163 147 144 127 124 126 119 120 112 110 113 119 135 107 125 503 212 153 121 116 150 107 130 684 331 866 635 903 98 66 47 47 53 56 49 59 49 76
125 118 112 110 110 117 116 85 89 102 112 97 95 105 109 115 113 104 124 219 835 565 380 413 586 548 527 532 542 566 569 550 569 623 592 718 599 434 599 746 653 180 165 140 128 239 130 119 115 103 112 109 108 100 94 116 130 137 110 100 112 95 100 103 1012 717 833 616 215 70 53 48 43 47 52 58 52 51 80
120 123 117 100 113 112 103 86 98 107 114 98 102 92 104 116 106 110 166 416 558 780 618 817 502 515 564 568 554 710 786 548 601 624 571 822 215 628 498 383 513 789 179 151 144 195 199 109 111 97 96 109 107 104 96 128 106 133 150 88 94 88 94 169 195 92 91 79 73 98 52 51 50 53 56 56 52 47 50
117 119 121 95 117 109 100 87 101 111 108 110 108 108 111 107 111 106 151 682 602 556 536 543 543 552 555 544 603 583 564 564 731 740 1013 547 127 164 185 134 707 587 997 166 137 134 127 114 112 108 102 89 95 85 97 94 110 88 147 86 83 81 101 732 110 85 70 62 62 58 55 45 46 54 53 49 51 46 50
108 113 101 106 100 103 97 103 113 102 116 108 91 110 129 120 109 129 124 884 570 573 559 595 532 531 572 545 552 570 651 558 891 1104 388 139 124 113 124 123 205 118 137 786 1233 654 144 127 117 156 137 109 99 86 91 89 123 87 85 84 86 81 87 95 76 69 64 51 58 52 50 45 48 52 46 52 56 45 47
