Challenge_3/RasterMaps/Europe.asc
NCOLS      912
NROWS       421
XLLCENTER   -14.591666666667
YLLCENTER    34.808333333333
CELLSIZE     0.0833333333333
NODATA_VALUE -9999
[rows 352 to 395 of 421, columns 768 to 863 of 912]
318 150 64 70 64 26 36 4 7 1 -28 -28 -36 -48 -57 -66 -83 -114 -141 -167 -193 -217 -229 -233 -233 -227 -201 -166 -136 -121 -110 -100 -91 -85 -78 -74 -70 -64 -55 -41 -23 -19 -10 8 20 26 33 -16 64 87 119 148 145 148 132 140 163 121 25 138 152 211 133 135 212 185 317 326 344 355 342 292 256 196 237 330 272 166 222 236 210 185 150 129 134 112 101 85 72 66 8 -12 155 83 58 55
309 126 98 119 225 47 18 56 -11 9 5 -28 -33 -39 -44 -51 -73 -99 -132 -153 -176 -198 -213 -220 -219 -205 -179 -147 -122 -112 -103 -94 -87 -82 -77 -72 -67 -62 -55 -42 -29 -15 6 28 18 54 91 83 96 111 154 152 155 134 118 118 107 33 23 41 96 126 143 78 117 97 171 169 351 375 393 291 339 200 206 306 311 236 122 261 238 218 191 168 127 128 118 98 84 66 56 8 101 99 54 59
178 138 68 -17 -24 -28 -28 -28 -31 -31 -29 -28 -32 -30 -31 -38 -49 -67 -93 -134 -158 -179 -192 -200 -196 -182 -159 -137 -120 -105 -95 -88 -82 -78 -75 -72 -66 -60 -52 -36 -30 -9 22 20 12 110 173 168 143 157 166 165 159 125 134 119 128 89 205 185 174 141 123 133 110 103 17 22 5 144 151 154 255 189 246 279 281 249 210 128 279 230 209 199 154 126 124 97 93 78 63 87 23 141 63 55
37 205 -28 -31 -33 -32 -31 -32 -34 -34 -33 -31 -32 -38 -45 -40 -32 -30 -50 -105 -147 -173 -185 -188 -181 -165 -145 -128 -114 -99 -89 -84 -80 -77 -74 -71 -66 -60 -52 -37 -26 8 15 21 102 240 238 224 210 203 183 185 158 170 177 170 178 202 216 187 182 170 167 151 151 108 129 38 -4 4 51 134 249 135 140 291 275 306 225 178 135 257 221 212 184 165 129 111 96 91 61 46 82 157 97 49
10 -29 -32 -36 -39 -40 -40 -38 -34 -36 -38 -37 -38 -44 -50 -55 -62 -73 -101 -144 -189 -194 -192 -194 -185 -162 -136 -118 -103 -90 -83 -81 -79 -76 -74 -71 -66 -61 -54 -43 -28 11 -3 55 109 123 272 210 165 153 162 170 174 185 214 226 207 236 210 182 179 185 181 174 164 152 126 96 56 36 19 66 61 42 74 340 254 238 236 141 101 258 243 242 197 177 147 84 77 64 54 56 36 84 98 45
-28 -30 -30 -32 -37 -41 -39 -35 -35 -38 -42 -47 -48 -61 -80 -112 -138 -172 -239 -290 -303 -251 -217 -240 -223 -181 -139 -113 -92 -82 -79 -78 -78 -76 -74 -71 -67 -63 -55 -44 -22 6 57 75 105 120 122 29 60 153 153 103 212 206 242 283 267 291 246 217 180 155 158 178 180 173 180 158 109 76 76 63 26 28 86 12 241 140 126 97 135 283 257 215 237 197 109 51 63 56 55 45 53 48 53 45
-10 -29 -31 -31 -39 -45 -44 -37 -36 -38 -37 -49 -70 -117 -185 -255 -307 -346 -391 -436 -458 -449 -423 -390 -305 -217 -149 -105 -84 -78 -77 -77 -77 -76 -75 -72 -68 -63 -57 -48 -32 -16 -28 -28 -18 -28 64 -28 -28 -29 -28 -23 -5 49 147 294 356 381 368 323 234 192 172 154 145 163 165 167 151 138 89 59 50 48 37 5 10 122 95 60 92 299 262 274 203 94 40 46 30 52 46 53 55 58 59 60
-28 -31 -32 -39 -47 -50 -49 -52 -91 -140 -131 -136 -173 -266 -375 -444 -488 -514 -521 -541 -559 -560 -544 -488 -394 -293 -193 -124 -89 -72 -73 -78 -78 -78 -77 -73 -68 -64 -59 -53 -45 -33 -28 -30 -32 -30 -29 -29 -29 -28 -19 -19 -22 -25 -22 -12 44 117 175 428 352 293 229 189 155 114 128 144 125 122 121 95 76 55 41 15 5 17 23 43 16 14 15 23 28 45 37 46 47 46 52 53 55 55 58 60
-29 -33 -33 -43 -51 -53 -56 -89 -189 -315 -309 -299 -333 -446 -554 -618 -633 -634 -606 -601 -609 -610 -588 -547 -479 -399 -299 -205 -131 -85 -80 -84 -81 -80 -77 -73 -72 -69 -62 -56 -52 -45 -35 -28 -32 -31 -31 -30 -28 -17 -12 -11 -15 -2 -4 -23 -22 -19 5 231 424 466 352 260 182 120 82 78 72 81 75 63 41 29 10 34 44 50 48 39 39 41 44 48 47 49 49 49 51 54 55 56 56 55 59 57
-29 -33 -32 -46 -55 -73 -85 -159 -304 -475 -502 -502 -507 -567 -644 -691 -702 -681 -660 -642 -636 -634 -622 -593 -549 -506 -439 -343 -221 -147 -126 -105 -90 -80 -75 -70 -78 -77 -63 -58 -55 -52 -47 -35 -33 -33 -30 -29 -28 -20 -13 -7 -2 12 22 33 42 -17 43 248 527 671 650 475 305 198 145 68 32 27 19 27 26 26 19 41 46 47 47 50 49 52 53 53 55 54 53 54 53 54 55 58 60 60 60 61
-30 -33 -39 -47 -56 -118 -202 -308 -438 -549 -573 -577 -582 -622 -677 -723 -716 -703 -684 -667 -649 -639 -626 -615 -584 -552 -506 -402 -267 -181 -143 -122 -103 -85 -76 -71 -67 -66 -61 -58 -55 -52 -47 -45 -40 -33 -28 -28 -28 -28 -26 -23 -23 -10 -7 1 0 -20 5 208 993 1472 1625 1298 945 1302 878 661 61 5 -9 -9 7 21 31 33 39 40 38 41 44 43 45 50 50 49 50 53 52 52 53 57 58 58 60 62
-32 -35 -42 -50 -59 -118 -233 -413 -558 -634 -636 -622 -613 -629 -676 -718 -715 -703 -688 -668 -646 -631 -622 -612 -587 -553 -504 -402 -276 -194 -155 -133 -116 -95 -81 -76 -71 -67 -62 -56 -52 -46 -40 -40 -37 -30 -28 -28 -28 -28 -28 -28 -22 -19 -12 -17 -13 -17 -7 106 721 899 763 758 211 99 34 -10 -12 6 10 21 17 25 29 26 34 34 28 36 36 38 41 40 46 47 46 48 52 52 53 55 56 58 58 59
-33 -39 -49 -59 -68 -82 -142 -416 -628 -727 -706 -643 -612 -621 -656 -698 -703 -699 -683 -661 -629 -615 -603 -590 -564 -529 -465 -366 -257 -190 -156 -135 -120 -104 -90 -80 -75 -72 -65 -56 -48 -39 -33 -34 -30 0 38 5 -9 -27 -27 -25 -14 -15 -10 -21 -29 -28 -22 -11 -6 29 18 7 4 -12 -11 15 56 81 64 38 30 25 23 26 29 34 30 34 34 38 34 44 41 44 48 48 49 52 53 52 55 54 57 61
-29 -44 -52 -68 -84 -117 -192 -387 -602 -740 -730 -645 -595 -610 -675 -711 -722 -716 -697 -659 -618 -596 -582 -571 -550 -512 -428 -321 -222 -178 -150 -133 -122 -109 -96 -87 -80 -78 -71 -59 -49 -44 -38 -35 -29 -22 -23 -21 -24 -24 -18 -10 -11 1 -18 -26 -29 -27 -25 -26 -23 -22 -20 -18 -20 -15 3 41 95 88 49 19 19 20 25 30 34 35 31 27 38 38 42 41 43 41 47 47 48 51 53 52 55 57 57 60
-29 -40 -49 -47 -63 -95 -203 -391 -607 -765 -770 -704 -623 -677 -768 -810 -814 -793 -739 -680 -615 -576 -555 -552 -538 -499 -406 -296 -200 -166 -142 -129 -120 -109 -99 -91 -85 -80 -73 -63 -54 -49 -44 -37 -31 -24 -30 -29 -29 -28 -26 -16 -22 -9 -19 -24 -23 -16 -25 -25 -23 -22 -20 -9 -9 9 416 434 190 79 21 15 14 22 33 42 47 44 39 39 43 43 43 44 48 45 37 49 48 49 54 53 57 58 61 59
-35 -42 -47 -51 -51 -115 -253 -433 -644 -820 -816 -794 -774 -822 -888 -928 -914 -859 -785 -694 -601 -547 -532 -535 -534 -503 -421 -306 -202 -165 -136 -126 -115 -105 -97 -91 -85 -80 -73 -65 -56 -51 -47 -38 -32 -28 -31 -32 -31 -30 -28 -22 -23 -19 -20 -24 -22 -24 -24 -26 -17 -7 2 3 11 72 101 47 21 29 51 63 72 107 54 66 72 70 69 54 52 54 52 48 45 42 46 52 50 45 55 56 47 55 58 63
-55 -83 -104 -126 -153 -236 -345 -471 -646 -821 -832 -837 -912 -941 -974 -990 -955 -891 -786 -672 -558 -514 -515 -526 -531 -521 -457 -358 -236 -170 -132 -118 -105 -97 -92 -87 -83 -78 -72 -64 -56 -51 -46 -38 -32 -31 -33 -33 -33 -33 -29 -28 -22 -22 -16 -12 -19 -12 -7 -20 -6 5 7 22 15 14 14 14 26 68 102 166 424 421 391 330 173 127 109 94 73 69 64 57 51 47 44 46 46 51 55 52 57 59 57 59
-84 -144 -141 -131 -228 -340 -420 -420 -502 -667 -708 -753 -888 -970 -1021 -1027 -976 -884 -766 -642 -538 -502 -511 -522 -534 -525 -469 -363 -231 -160 -120 -104 -94 -89 -86 -83 -80 -76 -69 -60 -53 -50 -44 -30 -31 -33 -34 -34 -33 -33 -32 -29 -25 -24 -25 -23 -16 1 8 8 2 7 6 12 19 24 21 33 177 503 435 412 318 365 312 307 457 304 185 133 87 81 73 65 59 50 44 53 50 52 47 54 55 58 58 62
-118 -239 -271 -272 -351 -421 -426 -413 -428 -545 -592 -650 -820 -947 -1013 -1020 -949 -839 -724 -622 -552 -522 -518 -531 -536 -522 -452 -326 -199 -132 -103 -88 -83 -81 -81 -79 -76 -70 -64 -56 -48 -46 -42 -30 -33 -35 -36 -34 -33 -33 -33 -32 -30 -29 -26 -23 -22 -1 -5 -2 -3 8 19 29 39 43 53 109 182 280 291 440 471 588 682 548 501 438 433 478 117 99 93 71 59 51 45 50 54 56 53 57 52 59 60 61
-159 -357 -494 -502 -525 -487 -415 -461 -512 -551 -598 -659 -808 -920 -967 -955 -883 -756 -670 -619 -585 -552 -538 -541 -539 -516 -415 -273 -134 -91 -78 -74 -75 -77 -79 -76 -72 -67 -60 -53 -47 -43 -38 -29 -31 -35 -37 -34 -33 -33 -33 -33 -33 -31 -30 -28 -20 -9 5 3 10 19 29 41 49 60 77 105 152 206 277 331 475 427 460 378 444 427 273 184 203 677 392 372 193 53 45 40 36 39 46 50 58 55 57 60
-232 -438 -530 -514 -521 -518 -521 -558 -588 -617 -656 -743 -845 -918 -925 -887 -755 -614 -618 -627 -611 -587 -564 -554 -539 -501 -377 -236 -120 -79 -68 -69 -72 -75 -77 -74 -69 -64 -58 -53 -49 -45 -37 -34 -29 -36 -38 -36 -34 -33 -34 -34 -33 -32 -28 -23 -3 5 20 17 27 34 38 49 56 70 84 102 139 211 286 313 340 330 375 431 296 284 243 236 266 278 368 553 624 390 99 45 42 35 38 47 47 53 61 60
-361 -492 -522 -514 -516 -522 -614 -659 -690 -708 -747 -817 -902 -919 -894 -831 -735 -651 -666 -680 -666 -633 -601 -571 -532 -467 -344 -215 -122 -81 -70 -71 -74 -77 -76 -72 -67 -62 -58 -53 -50 -48 -44 -41 -35 -38 -39 -38 -36 -36 -35 -34 -33 -30 -27 -10 7 4 6 11 22 30 38 49 61 72 112 112 139 222 244 298 358 475 484 373 392 355 295 336 329 328 382 433 564 631 539 275 132 59 49 55 57 62 59 62
-478 -524 -513 -502 -434 -527 -671 -752 -780 -783 -803 -859 -918 -906 -849 -815 -799 -793 -775 -755 -728 -690 -637 -596 -531 -452 -317 -196 -118 -83 -76 -77 -78 -77 -72 -68 -63 -59 -56 -53 -51 -48 -45 -43 -40 -40 -39 -38 -37 -35 -33 -32 -31 -28 -24 -6 -1 -5 -4 8 15 25 34 48 62 81 101 120 145 185 226 355 406 527 511 435 520 475 476 446 504 408 384 472 530 566 627 800 629 328 103 88 64 53 63 66
-527 -540 -517 -499 -507 -599 -745 -822 -821 -809 -814 -840 -863 -834 -789 -788 -818 -832 -828 -806 -764 -728 -679 -631 -577 -503 -317 -176 -92 -75 -76 -79 -77 -72 -65 -61 -57 -56 -54 -52 -50 -46 -42 -41 -41 -41 -40 -38 -37 -35 -33 -32 -30 -28 -19 -11 -6 -4 -4 4 8 18 27 43 60 79 100 123 154 202 297 328 375 416 472 440 432 429 536 458 309 355 449 626 831 748 1186 929 996 992 622 456 304 87 68 79
-506 -559 -547 -525 -545 -632 -741 -803 -804 -797 -800 -813 -816 -770 -716 -738 -803 -832 -831 -814 -770 -728 -689 -653 -611 -529 -363 -194 -79 -53 -62 -76 -70 -61 -55 -52 -51 -52 -52 -51 -48 -41 -37 -38 -38 -39 -40 -39 -38 -36 -34 -33 -30 -28 -26 -13 -3 3 -5 -5 -4 10 19 34 58 83 105 153 176 222 266 268 304 354 344 392 306 324 329 305 408 434 503 551 851 737 839 1035 1335 1356 1782 1423 715 369 267 152
-488 -607 -609 -586 -596 -645 -709 -735 -749 -761 -786 -805 -808 -763 -714 -735 -800 -831 -832 -805 -753 -708 -682 -659 -636 -570 -441 -263 -101 -52 -51 -55 -52 -47 -44 -44 -47 -50 -51 -50 -47 -39 -36 -36 -38 -38 -40 -39 -38 -37 -36 -34 -32 -29 -21 -14 -3 -5 -4 -3 -12 1 10 31 48 65 85 114 140 180 301 350 288 295 288 285 292 274 263 260 277 314 354 394 481 514 775 867 849 1151 1242 1404 1513 1524 1036 448
-469 -634 -644 -627 -624 -654 -684 -702 -704 -731 -776 -808 -817 -812 -792 -799 -817 -832 -823 -793 -724 -694 -671 -659 -642 -609 -523 -355 -167 -92 -70 -55 -44 -42 -41 -43 -47 -49 -49 -49 -47 -41 -37 -37 -38 -38 -37 -39 -38 -38 -37 -35 -34 -30 -24 -13 -3 -8 -7 -1 -3 5 4 6 28 52 70 113 158 196 251 246 239 227 244 273 279 192 290 364 647 581 821 802 906 777 1049 1179 891 1183 1463 1778 1499 1189 970 793
-405 -574 -633 -645 -652 -668 -683 -692 -706 -737 -789 -819 -829 -828 -824 -824 -828 -831 -820 -783 -720 -696 -678 -659 -636 -601 -544 -433 -283 -180 -110 -73 -62 -61 -55 -49 -47 -46 -46 -47 -48 -45 -40 -38 -38 -37 -36 -39 -39 -38 -37 -35 -33 -29 -22 -14 0 -6 -7 -4 -14 4 11 10 28 39 85 98 142 153 196 232 160 184 159 144 206 237 313 561 861 765 766 761 1012 959 1066 1080 1004 914 1099 1229 1530 1572 1930 1502
-287 -469 -572 -622 -645 -669 -686 -703 -721 -763 -802 -826 -831 -830 -821 -822 -824 -827 -810 -777 -730 -711 -692 -661 -618 -584 -535 -489 -405 -314 -219 -137 -95 -85 -83 -64 -48 -39 -39 -42 -46 -45 -40 -38 -38 -35 -38 -38 -39 -38 -37 -35 -33 -28 -20 -12 -6 -7 -5 -2 2 8 15 20 31 56 69 103 115 120 131 136 109 109 146 179 279 338 262 315 354 383 475 718 770 892 929 988 1038 1180 1260 1316 1269 1341 1518 1646
-178 -347 -481 -566 -612 -657 -698 -727 -761 -798 -822 -835 -834 -825 -820 -816 -814 -806 -786 -765 -745 -730 -717 -679 -618 -567 -515 -508 -507 -451 -365 -258 -190 -159 -159 -125 -83 -51 -46 -44 -42 -38 -35 -36 -37 -34 -37 -37 -38 -38 -37 -34 -32 -25 -19 -11 -11 -6 -4 -1 2 8 18 22 35 36 57 76 77 88 88 89 119 137 193 193 196 271 464 515 638 742 1043 1218 1161 1002 1146 1307 1500 1404 1321 1465 1279 1235 1315 1480
-124 -241 -373 -499 -571 -650 -719 -770 -806 -829 -841 -847 -836 -823 -813 -809 -779 -731 -740 -754 -751 -748 -733 -711 -638 -585 -539 -531 -545 -532 -491 -423 -358 -320 -312 -253 -180 -100 -74 -59 -47 -35 -30 -31 -33 -32 -34 -36 -37 -38 -36 -34 -31 -22 -19 -13 -13 -10 -7 -4 3 10 17 28 35 44 55 63 67 69 72 82 83 99 124 151 243 329 540 490 576 500 517 649 1107 718 802 974 1004 1098 1238 1187 1531 1555 1484 1670
-103 -174 -294 -438 -552 -669 -750 -811 -839 -851 -856 -853 -839 -821 -813 -804 -757 -704 -728 -757 -767 -767 -756 -734 -691 -643 -609 -596 -590 -564 -528 -480 -448 -434 -436 -391 -315 -227 -172 -112 -59 -38 -32 -28 -29 -30 -32 -34 -36 -38 -37 -34 -31 -24 -20 -20 -15 -10 -6 -2 2 6 14 24 31 39 49 53 52 71 85 95 109 130 142 153 158 197 192 249 317 343 447 511 572 719 697 716 960 1123 1282 1205 1342 1574 1385 1208
-101 -172 -311 -473 -590 -693 -758 -815 -839 -849 -849 -846 -829 -818 -816 -816 -779 -735 -753 -780 -786 -787 -779 -768 -745 -716 -684 -657 -627 -587 -531 -497 -482 -492 -520 -503 -441 -372 -296 -203 -104 -55 -39 -31 -30 -29 -30 -33 -37 -39 -38 -34 -31 -24 -23 -20 -15 -12 -10 -5 -10 6 13 20 27 37 44 60 86 99 127 138 170 232 407 252 230 264 355 447 633 936 594 450 440 441 703 953 1396 733 801 959 1168 1344 1198 1148
-95 -184 -365 -546 -632 -689 -728 -756 -785 -803 -815 -822 -817 -813 -821 -825 -817 -801 -798 -804 -808 -807 -802 -798 -796 -785 -755 -717 -666 -616 -540 -498 -498 -512 -525 -531 -515 -462 -412 -311 -181 -100 -55 -48 -38 -31 -29 -32 -37 -38 -38 -35 -31 -26 -20 -20 -16 -14 -13 -6 -1 1 4 21 23 30 51 69 99 147 202 403 495 525 448 517 525 628 770 1225 966 803 614 553 639 710 548 504 562 603 662 886 858 815 1075 1338
-70 -125 -308 -509 -585 -612 -599 -605 -633 -697 -742 -780 -794 -805 -812 -822 -818 -818 -813 -814 -813 -815 -812 -813 -814 -818 -800 -760 -710 -652 -585 -520 -505 -511 -519 -523 -516 -496 -456 -392 -276 -189 -115 -71 -45 -36 -31 -32 -35 -38 -37 -35 -32 -28 -23 -21 -20 -17 -13 -9 -5 -3 -2 1 27 33 64 99 145 157 308 378 263 349 336 482 547 807 953 1148 849 742 689 723 738 824 694 758 825 732 765 607 662 836 945 1269
-51 -84 -168 -286 -353 -346 -302 -311 -369 -463 -598 -710 -746 -778 -801 -814 -814 -815 -815 -814 -814 -814 -815 -814 -815 -818 -813 -780 -738 -691 -629 -570 -527 -514 -518 -519 -515 -520 -492 -440 -350 -259 -174 -105 -59 -43 -34 -33 -35 -37 -37 -35 -32 -29 -23 -24 -23 -19 -17 -14 -10 -7 -3 1 7 16 62 62 79 136 232 308 254 219 206 572 437 583 1178 998 995 950 858 1146 1015 988 1067 1012 936 782 734 828 922 1291 1510 1280
-29 -36 -48 -64 -104 -91 -44 -73 -130 -226 -372 -528 -633 -719 -781 -815 -820 -818 -813 -814 -812 -817 -818 -820 -815 -815 -805 -786 -753 -723 -664 -611 -557 -527 -518 -519 -522 -525 -510 -464 -398 -326 -229 -147 -93 -58 -45 -37 -35 -37 -37 -35 -33 -30 -28 -25 -25 -22 -20 -16 -9 -7 -2 2 7 12 28 45 62 98 183 145 142 130 470 734 1117 1702 1422 1352 1191 1088 1436 1319 1582 1623 1200 938 871 960 1385 1364 1286 1357 1189 1062
-26 -27 -24 -19 -18 -19 -22 -27 -30 -39 -116 -275 -486 -648 -750 -808 -825 -823 -817 -815 -819 -824 -828 -829 -826 -822 -811 -791 -764 -732 -693 -634 -591 -565 -550 -546 -548 -543 -526 -493 -428 -355 -277 -207 -137 -80 -53 -41 -38 -38 -38 -35 -34 -30 -29 -25 -24 -23 -18 -15 -11 -9 -1 5 3 4 21 28 34 55 70 87 105 199 515 923 530 782 1299 1949 1898 1660 1678 1675 1656 1495 1557 1810 1891 1975 1983 2035 2043 1587 1267 1256
-14 -15 -18 -7 -12 -8 -14 -15 -20 -24 -41 -159 -383 -555 -675 -744 -783 -804 -805 -810 -816 -826 -829 -833 -829 -828 -814 -796 -768 -739 -707 -666 -624 -608 -595 -589 -583 -573 -549 -520 -453 -385 -309 -238 -169 -107 -70 -48 -43 -41 -38 -36 -34 -31 -29 -27 -24 -23 -21 -18 -15 -9 0 5 9 13 15 19 27 41 53 77 113 189 621 1232 1385 1619 1542 1128 1304 1261 1266 1404 1487 1323 1264 1245 1221 1255 1441 1593 1892 1790 1622 1836
7 6 10 11 9 -2 -8 -14 -20 -23 -28 -102 -255 -377 -481 -603 -696 -747 -767 -782 -801 -815 -824 -827 -827 -823 -814 -796 -771 -743 -717 -690 -663 -645 -634 -625 -616 -597 -563 -524 -463 -399 -334 -269 -204 -131 -82 -56 -47 -44 -41 -38 -36 -32 -28 -28 -26 -24 -23 -18 -8 -3 -13 8 13 15 19 24 28 37 53 103 347 536 1033 1173 1614 1448 1276 1295 1260 1547 1478 1448 1505 1357 1462 2213 1937 1138 2010 2337 2443 2282 1776 1893
45 53 72 48 27 29 34 71 235 8 -20 -48 -106 -150 -232 -400 -534 -630 -673 -718 -758 -789 -800 -808 -807 -807 -796 -784 -761 -741 -717 -704 -685 -672 -661 -650 -628 -598 -540 -496 -441 -384 -331 -280 -229 -158 -92 -59 -50 -47 -45 -41 -38 -35 -30 -29 -25 -25 -22 -15 -6 -2 -9 2 4 12 20 34 51 73 86 550 523 991 1189 1614 1423 1325 1294 1325 1629 1396 1523 1435 1551 1470 1494 1532 1215 1021 1018 1116 1116 1146 1129 1100
142 246 260 68 316 245 740 368 368 185 23 13 -31 -47 -81 -148 -285 -430 -535 -629 -700 -745 -760 -769 -776 -776 -765 -754 -740 -728 -714 -702 -690 -677 -664 -650 -634 -575 -494 -441 -383 -332 -287 -258 -224 -155 -96 -63 -52 -49 -46 -42 -40 -37 -33 -28 -24 -24 -21 -18 -14 -8 -6 6 17 23 23 34 86 226 487 1053 1256 1226 1928 1999 1535 1417 1564 1363 1291 1298 1203 1150 1142 1341 1603 1179 952 948 951 974 1009 1008 1036 1082
769 454 417 334 488 1122 877 818 1436 944 622 729 372 80 -34 -52 -118 -217 -329 -460 -573 -627 -664 -700 -713 -715 -707 -703 -697 -695 -683 -675 -665 -656 -636 -620 -589 -511 -430 -355 -287 -238 -211 -186 -149 -113 -78 -54 -48 -45 -41 -38 -37 -35 -32 -28 -25 -24 -21 -18 -17 -16 -2 25 60 60 71 87 786 660 1142 1146 1521 1441 1744 1857 1868 1687 1276 1217 1214 1167 1084 999 926 904 900 911 922 937 1053 1047 977 998 1069 1146
988 146 383 2099 1161 1674 1594 1891 1886 1643 730 1807 1470 1457 441 -8 -36 -63 -149 -262 -383 -430 -483 -560 -604 -615 -621 -621 -620 -616 -616 -617 -609 -581 -537 -506 -464 -413 -332 -247 -182 -149 -126 -98 -80 -60 -47 -37 -34 -32 -30 -30 -28 -28 -27 -28 -24 -24 -23 -16 -6 23 49 79 191 156 200 994 1623 960 1929 1230 1513 1569 2022 1712 1590 1284 1206 1204 1271 1305 1126 915 895 893 908 955 957 987 1043 1107 1065 1024 1017 1044
