Challenge_3/RasterMaps/Europe.asc
NCOLS      912
NROWS       421
XLLCENTER   -14.591666666667
YLLCENTER    34.808333333333
CELLSIZE     0.0833333333333
NODATA_VALUE -9999
[rows 220 to 263 of 421, columns 576 to 671 of 912]
194 201 196 172 181 178 160 136 173 202 204 210 205 220 224 223 139 154 185 183 216 208 222 218 220 190 178 174 204 239 221 222 246 241 239 185 216 198 210 176 187 242 183 250 233 248 209 183 172 150 164 198 158 169 171 208 202 176 229 218 204 164 190 197 219 189 122 146 91 130 118 137 140 129 141 146 145 154 158 168 169 160 161 124 153 105 150 138 138 154 143 150 161 133 110 152
136 123 129 126 134 151 159 158 190 180 183 133 136 134 171 144 176 152 142 159 157 217 190 216 198 192 226 225 198 178 231 213 187 214 196 242 235 234 220 187 175 183 192 201 234 211 220 212 193 200 206 172 138 147 209 183 175 167 218 223 207 202 178 217 173 182 198 208 105 168 149 126 133 127 135 141 147 154 133 151 155 152 151 115 145 113 110 144 139 156 113 157 160 115 117 143
131 131 130 125 126 129 191 186 159 134 131 131 138 138 139 141 140 147 149 153 151 180 187 156 170 212 177 219 218 259 235 251 243 244 234 230 226 228 243 231 179 173 185 207 201 216 189 240 240 181 218 167 175 127 159 134 207 202 217 189 209 221 216 202 193 210 152 203 157 93 146 141 120 121 134 129 141 119 143 146 146 141 143 146 106 103 109 132 146 141 142 102 94 130 144 153
141 140 146 152 148 137 133 129 130 131 133 162 181 183 152 176 178 183 180 175 176 158 139 198 210 214 199 208 234 208 219 211 212 226 217 226 168 194 224 215 241 175 248 209 249 245 244 237 218 210 221 202 176 202 150 179 206 202 198 206 166 138 206 217 219 198 129 187 156 128 133 153 124 102 122 143 141 90 123 123 123 124 100 105 107 106 142 156 154 153 157 137 115 117 147 151
157 158 155 152 156 151 155 162 165 167 149 154 143 167 161 192 199 186 196 211 194 182 173 139 155 158 172 217 172 211 152 154 157 176 174 170 211 221 211 228 246 223 219 231 245 245 233 250 173 189 176 194 218 178 149 137 168 179 173 152 162 139 127 185 168 163 173 104 152 174 110 89 90 120 131 120 128 113 147 135 94 99 118 136 141 119 150 147 138 147 158 153 134 93 94 150
160 165 160 159 150 148 156 162 172 169 160 146 147 180 173 151 166 185 201 206 189 203 148 151 168 158 149 145 151 156 159 194 194 224 209 216 193 167 208 205 244 245 237 234 209 234 221 218 219 223 232 152 204 121 157 180 188 208 199 156 153 132 107 98 149 108 123 112 112 85 100 131 150 161 144 111 87 119 155 143 87 117 143 145 136 130 118 139 181 199 210 158 179 150 144 139
164 166 168 173 169 166 172 168 172 168 168 171 173 164 168 187 185 153 128 167 192 190 156 188 213 203 207 173 206 204 183 152 229 224 211 247 223 220 235 204 225 201 212 225 233 228 221 212 191 185 211 203 162 127 148 209 226 191 170 171 183 178 173 213 140 192 161 185 154 108 83 141 80 111 125 115 79 131 121 85 97 115 141 150 130 120 168 197 168 191 225 153 158 171 186 152
166 156 175 155 177 159 180 149 186 180 188 176 181 163 175 161 147 136 179 174 219 155 199 212 205 202 177 214 213 225 192 191 172 222 190 213 218 192 211 192 213 201 219 210 176 221 184 206 203 193 202 217 182 151 202 198 185 183 192 164 183 188 147 217 141 208 208 176 153 83 130 176 156 158 165 147 167 126 110 139 83 111 120 149 149 181 158 164 156 211 216 208 169 216 200 207
117 161 164 121 125 136 139 132 154 165 177 169 186 191 208 181 124 124 149 155 153 156 200 211 214 216 168 191 233 209 209 191 211 207 214 192 200 238 190 151 147 223 180 226 197 226 200 208 165 164 173 114 172 107 206 206 219 158 161 121 177 162 164 131 164 143 142 93 101 172 179 200 183 171 144 177 161 80 115 159 83 147 183 199 213 170 125 119 146 202 183 208 178 179 187 224
158 114 155 154 166 176 176 173 176 152 170 164 189 188 157 124 131 131 177 172 192 203 201 196 217 207 208 193 190 201 201 218 197 199 190 175 197 172 181 202 193 200 213 130 225 142 212 195 220 199 147 223 214 112 163 156 167 212 203 175 185 153 144 173 188 147 110 153 188 164 201 226 189 141 138 176 149 120 122 102 166 149 187 134 141 108 168 168 204 191 170 163 160 162 166 152
112 133 145 153 161 138 168 169 166 129 169 167 111 113 115 118 168 172 178 164 183 192 189 174 168 204 196 167 208 182 192 193 181 144 205 195 192 186 204 130 203 183 171 213 125 201 210 202 176 202 223 218 159 182 183 206 208 148 165 184 115 134 97 162 123 100 127 160 188 205 202 214 216 217 170 182 158 150 84 77 130 197 181 149 99 157 157 206 214 192 157 204 183 195 207 176
121 163 154 154 170 161 155 137 159 118 156 174 129 132 144 179 173 166 130 190 169 157 181 170 164 201 137 160 186 136 146 171 176 213 200 209 186 157 182 129 138 199 149 177 170 201 199 200 206 202 202 219 204 131 221 173 171 178 158 186 194 193 162 180 196 141 164 199 186 140 148 204 150 210 159 192 168 190 87 92 123 158 151 101 113 155 171 212 194 196 203 194 201 135 205 168
152 142 146 154 122 166 139 113 151 147 171 110 128 153 178 187 196 191 163 178 160 159 122 120 123 154 164 131 149 150 189 210 193 213 180 210 202 187 194 145 136 202 137 110 201 154 152 194 198 215 163 196 186 100 189 205 205 196 169 131 211 185 182 171 163 174 205 140 201 118 176 160 148 120 207 163 197 151 184 106 76 87 90 140 187 153 211 193 125 192 190 90 202 97 190 182
103 137 162 156 126 162 132 107 137 116 107 120 157 183 133 129 137 141 150 118 115 119 163 134 120 139 155 164 189 179 200 210 158 196 191 182 178 180 151 176 166 134 116 133 140 173 188 177 126 142 206 201 167 98 188 163 186 191 162 200 127 192 206 168 201 159 164 166 199 178 98 157 201 193 93 165 112 170 198 162 79 113 119 120 177 197 195 199 172 162 199 86 103 128 150 156
108 127 142 152 107 162 154 119 118 120 138 159 172 123 185 160 154 111 115 134 122 123 128 141 143 165 173 172 193 199 169 154 210 133 206 167 181 161 158 186 157 119 148 172 143 116 155 189 194 210 203 196 205 156 98 180 175 165 103 159 154 198 192 185 189 180 162 97 127 121 146 125 177 169 140 135 184 141 143 93 120 122 146 159 155 149 156 155 170 88 93 112 160 200 154 127
136 138 143 133 108 120 96 114 115 143 172 158 117 173 143 178 115 117 115 157 153 158 155 152 182 189 197 210 197 201 200 175 188 131 185 165 177 151 162 193 168 111 135 176 172 176 152 144 188 191 159 147 181 132 171 101 153 112 145 165 171 190 203 187 205 192 145 152 162 147 139 123 90 123 83 168 168 149 193 153 77 139 142 151 100 114 98 164 180 106 109 160 187 160 108 133
129 145 164 171 104 117 123 104 147 131 108 141 111 158 163 181 114 106 140 161 175 196 204 154 131 130 145 182 197 139 140 188 166 165 168 186 116 150 189 175 159 107 140 154 179 198 161 198 204 186 158 131 160 117 94 94 89 144 191 165 133 184 186 181 185 186 138 169 200 179 191 176 182 144 93 83 99 123 97 101 98 117 122 116 78 70 120 94 163 122 101 172 111 133 175 220
124 139 147 112 104 129 96 107 117 142 123 144 127 165 151 149 99 116 142 153 158 129 131 173 190 163 176 177 204 181 129 177 181 124 185 122 175 182 177 177 180 110 142 164 174 171 171 196 188 181 159 139 143 150 159 109 93 149 171 134 170 199 200 172 182 149 94 164 188 174 191 179 113 130 111 137 171 114 94 149 135 170 151 97 138 183 84 137 112 69 78 114 135 174 140 195
145 147 97 98 115 118 92 98 146 149 167 159 171 189 162 95 99 129 149 99 134 157 150 161 168 171 138 181 175 199 169 117 134 138 111 152 173 156 195 182 106 196 110 159 167 160 187 137 168 152 136 159 170 100 87 114 163 160 160 172 191 178 194 173 138 148 84 145 142 163 201 161 140 185 151 164 155 126 177 161 155 181 105 163 102 163 160 77 98 67 106 166 117 142 183 163
139 93 108 123 110 106 103 105 159 151 154 149 167 173 181 92 105 125 134 116 157 161 173 174 165 195 187 186 185 194 194 136 169 163 105 144 158 145 135 182 191 123 162 105 145 162 180 129 181 151 159 134 106 107 139 165 178 154 172 158 183 181 150 161 177 148 84 174 162 163 103 192 98 158 176 176 177 141 161 177 151 126 80 89 85 78 83 154 146 183 65 96 86 147 153 176
89 110 117 131 131 103 128 155 147 142 123 141 139 167 136 102 103 129 155 147 168 163 134 160 146 180 161 132 132 132 150 151 144 182 162 92 99 100 96 102 97 108 90 98 146 165 172 168 174 182 141 112 114 145 159 182 182 180 151 169 170 184 169 147 153 145 79 135 179 155 86 91 122 132 171 187 157 162 100 117 150 178 148 137 151 81 161 120 204 169 72 70 76 88 131 161
103 115 114 103 84 105 140 143 122 152 101 140 157 132 138 100 103 138 118 138 151 112 151 159 169 164 176 182 151 175 121 170 162 92 127 121 148 171 119 108 116 139 151 153 124 107 152 148 179 137 122 89 128 169 169 179 172 174 130 167 159 159 180 182 166 136 119 71 138 88 148 170 154 150 193 169 139 113 211 186 210 144 149 118 104 108 174 166 120 145 148 162 201 128 65 86
121 130 119 130 133 91 135 135 101 102 140 144 124 141 110 99 100 107 90 95 126 147 143 148 137 118 159 174 194 138 162 197 188 162 130 114 106 98 106 121 119 147 150 154 141 150 170 184 186 127 96 100 145 184 191 152 102 166 172 109 140 173 195 135 138 147 178 95 85 138 162 172 153 172 183 185 164 139 156 214 196 227 184 159 162 134 186 151 160 186 162 197 127 121 67 90
88 80 115 126 99 81 104 126 84 106 131 140 151 151 84 91 112 123 131 136 144 147 102 153 141 174 168 172 169 185 183 148 154 184 167 128 111 88 99 124 101 130 122 145 101 117 117 151 152 136 158 108 128 109 152 152 130 75 158 179 157 184 171 112 149 141 151 125 64 124 82 142 163 191 169 195 159 215 216 162 179 216 190 211 194 192 211 170 108 110 87 136 156 128 69 104
109 125 108 78 73 76 87 82 115 124 85 124 153 136 84 94 107 118 119 118 138 92 122 142 149 159 105 151 159 133 161 169 179 170 172 139 152 131 131 89 109 80 82 129 154 144 170 178 153 133 128 78 130 157 152 149 165 77 172 105 182 127 176 119 125 153 145 103 80 133 135 141 190 192 100 107 156 172 114 178 162 186 170 169 191 151 183 187 197 187 151 102 96 113 150 180
113 109 125 111 82 86 77 122 126 116 100 129 80 80 90 90 110 125 128 132 139 107 139 133 150 142 112 136 160 173 175 174 157 179 151 173 146 157 172 185 153 134 95 98 112 151 128 104 168 123 93 104 139 172 136 156 182 77 129 171 154 162 140 166 135 95 131 80 128 138 148 174 128 136 130 106 170 96 163 186 174 115 135 161 181 136 194 148 190 139 170 175 186 194 160 154
91 97 106 75 81 83 79 112 98 88 105 80 84 88 105 103 121 118 126 129 86 120 149 147 101 130 147 162 145 172 164 164 153 165 173 151 116 152 164 166 146 153 80 75 99 101 138 129 154 158 73 108 144 170 170 112 148 63 129 153 144 103 152 143 143 134 58 99 143 164 196 157 92 85 100 112 137 97 82 148 126 175 120 116 168 95 168 113 145 133 202 133 169 187 215 184
93 95 73 70 71 76 91 84 88 80 72 80 78 94 104 108 108 89 121 128 86 114 122 95 135 127 127 141 144 144 149 144 139 170 140 173 131 135 126 142 160 115 75 104 127 125 98 117 128 154 85 139 155 169 128 95 155 110 108 156 132 149 131 105 161 155 61 101 138 188 157 134 192 128 62 128 105 123 131 140 151 197 159 125 81 144 81 134 93 145 191 152 162 150 121 144
74 80 67 66 73 129 117 94 101 81 73 76 82 75 99 116 70 73 74 73 74 78 105 120 129 138 141 124 108 150 160 161 147 152 149 143 136 125 147 93 143 131 68 103 147 76 88 87 74 101 151 142 155 168 122 109 160 94 110 141 175 124 69 130 152 163 55 115 125 151 116 120 162 125 58 111 159 67 114 155 149 182 179 136 99 136 110 68 125 103 148 160 88 132 156 141
69 67 68 49 75 84 79 111 109 86 70 67 82 67 70 71 73 84 95 97 106 101 79 82 127 137 139 125 138 146 148 104 149 115 142 158 135 125 117 83 84 88 133 135 145 175 114 173 177 70 100 103 136 152 93 134 153 125 102 87 146 122 76 128 129 139 49 127 142 119 132 140 171 171 100 55 120 53 125 118 159 183 154 197 172 156 184 69 114 156 183 152 122 100 118 168
125 82 122 62 66 112 113 97 112 70 66 69 81 65 67 88 98 102 113 116 116 129 125 102 107 85 89 98 110 145 114 100 123 144 166 153 114 134 158 149 134 155 164 183 185 167 165 224 140 162 101 70 89 108 107 96 95 94 63 158 62 62 91 148 157 183 136 54 150 60 141 159 103 160 159 97 48 147 115 104 100 155 126 159 175 197 149 64 92 142 126 109 152 105 119 145
101 136 114 93 156 76 62 114 76 64 66 69 66 70 68 92 100 104 102 112 102 107 129 154 155 138 132 140 137 113 134 141 147 131 176 168 140 149 147 182 131 141 148 93 87 94 126 166 170 101 160 102 59 64 62 60 107 160 146 163 156 56 91 113 155 148 179 147 111 54 111 81 144 128 176 139 125 45 66 73 70 83 96 138 152 195 171 121 94 125 73 139 130 111 138 84
164 163 133 90 170 149 129 62 62 73 63 62 61 64 81 103 100 97 102 109 112 119 127 115 121 159 139 151 135 160 123 147 109 119 154 123 129 159 183 169 187 152 159 163 159 144 114 106 114 105 64 120 136 190 174 116 72 120 180 159 185 113 74 76 92 113 100 129 45 119 46 62 96 123 152 137 126 65 131 134 145 119 164 132 142 178 164 136 77 79 123 104 129 67 76 126
174 189 177 160 149 117 110 122 132 119 62 71 59 60 65 67 71 105 103 92 96 115 93 63 74 76 133 110 112 81 142 73 110 144 116 110 122 168 126 165 137 173 143 173 162 134 154 145 125 131 121 132 171 211 139 106 135 137 176 203 217 207 174 143 145 98 88 78 106 37 41 96 72 118 121 113 49 100 86 130 74 111 154 83 92 127 164 166 113 53 115 135 125 86 93 141
128 159 160 121 112 133 109 169 134 142 141 108 62 61 59 57 64 68 68 103 71 75 58 56 58 70 75 69 66 79 68 128 147 134 108 111 136 160 127 99 122 150 147 167 138 169 170 189 191 116 187 119 158 208 141 82 126 147 180 209 220 204 177 179 102 155 156 129 49 140 164 141 39 40 56 78 46 130 104 57 121 150 106 72 140 139 96 96 119 161 95 134 49 114 128 108
166 166 171 166 163 164 164 164 159 154 82 153 165 62 57 63 57 58 56 62 57 57 52 62 64 84 80 74 65 64 64 129 119 119 106 117 152 85 124 140 169 160 160 160 179 184 156 138 81 123 133 159 124 211 166 110 190 141 132 171 170 121 165 170 192 87 119 87 75 50 48 80 131 58 73 148 119 101 53 109 108 154 102 56 135 156 70 134 158 178 117 82 93 65 80 91
126 171 159 165 150 138 143 158 150 148 166 150 119 158 159 161 57 89 58 58 60 57 112 109 123 131 116 126 139 94 68 72 70 116 123 133 75 92 115 123 139 172 177 135 145 177 157 174 137 178 196 168 91 114 190 206 156 201 162 194 218 203 271 182 217 163 105 96 115 172 85 117 172 51 160 118 73 82 48 102 109 144 126 60 136 126 107 107 104 149 90 77 78 91 106 119
104 136 155 163 145 138 136 135 145 147 149 150 118 136 135 121 125 142 146 149 94 114 124 147 123 151 166 152 136 74 72 81 116 79 71 73 98 119 115 101 93 125 137 156 156 186 191 122 165 154 169 133 133 172 230 194 183 173 205 241 296 303 232 226 163 164 214 133 110 92 101 151 187 157 173 157 119 117 30 59 73 104 28 75 108 41 52 105 144 118 31 63 120 125 48 56
120 139 135 147 155 129 132 141 145 135 128 148 150 106 86 124 114 114 102 125 114 57 101 120 113 162 153 99 84 138 100 109 142 123 109 129 137 126 122 137 158 144 133 170 166 193 171 139 179 208 181 145 174 141 144 197 270 289 295 266 274 324 323 266 332 301 249 199 232 212 204 235 153 182 196 148 173 142 121 50 108 53 52 79 82 72 60 89 78 99 81 94 129 41 92 109
97 141 146 122 95 106 139 169 134 80 130 122 148 103 115 88 89 121 134 131 153 107 102 104 127 133 159 143 120 138 131 92 132 135 116 116 118 150 175 172 161 180 180 169 176 180 182 184 186 196 218 221 197 137 182 237 174 190 160 199 225 294 211 286 234 261 348 301 320 278 227 158 130 199 169 168 145 138 83 156 174 174 180 120 98 40 80 64 68 135 89 147 124 53 130 151
124 175 110 79 99 128 143 144 124 103 100 143 141 150 113 75 89 113 136 111 107 101 78 96 120 163 158 151 164 139 125 72 95 132 143 156 157 138 115 138 149 108 142 146 175 179 165 180 212 151 164 182 212 223 192 217 199 132 224 239 210 280 239 164 142 192 287 251 258 295 246 270 274 182 221 243 216 159 137 139 243 212 147 140 148 141 143 70 22 43 98 139 58 91 117 137
126 89 105 111 109 123 125 154 103 72 95 128 125 106 96 119 103 126 135 108 48 97 118 130 134 171 173 170 158 163 127 94 73 92 138 189 147 123 90 91 91 121 142 143 161 138 161 197 126 179 192 193 239 195 221 194 253 165 110 132 178 177 274 297 276 166 113 176 166 228 232 264 268 291 297 294 269 300 226 278 268 248 220 199 160 176 183 124 137 28 133 92 90 61 106 109
46 100 104 98 88 93 107 115 116 61 107 102 129 114 124 127 141 123 113 114 77 93 106 114 153 155 151 119 116 108 88 121 127 84 93 120 126 149 113 119 112 133 112 103 108 127 132 128 149 156 182 205 183 161 197 159 154 199 139 178 164 174 219 150 225 178 113 110 113 136 144 127 147 164 232 221 229 201 232 185 208 208 184 139 102 76 160 150 172 110 68 40 100 129 121 141
98 103 100 94 62 85 88 86 85 67 99 88 101 137 133 114 106 92 95 88 82 76 102 115 126 109 90 141 129 115 109 122 141 83 129 139 136 137 109 135 140 104 151 142 161 149 123 155 174 197 194 216 223 194 115 152 162 170 185 102 135 70 113 97 137 162 65 116 156 165 164 181 205 222 171 182 229 227 191 200 168 128 114 175 97 54 96 116 41 126 115 43 78 145 138 116
