Challenge_3/RasterMaps/Europe.asc
NCOLS      912
NROWS       421
XLLCENTER   -14.591666666667
YLLCENTER    34.808333333333
CELLSIZE     0.0833333333333
NODATA_VALUE -9999
[rows 132 to 175 of 421, columns 192 to 287 of 912]
-112 -126 -131 -125 -107 -111 -116 -119 -109 -105 -101 -100 -102 -107 -109 -113 -113 -113 -112 -107 -103 -98 -98 -103 -114 -143 -192 -239 -262 -271 -274 -266 -279 -259 -275 -253 -241 -233 -224 -229 -207 -206 -207 -208 -201 -226 -206 -74 -37 -5 15 53 96 111 243 208 515 648 373 803 518 744 826 748 672 761 806 751 862 860 920 879 786 599 777 818 574 470 739 716 586 380 627 431 325 443 205 296 305 241 260 238 102 124 52 90
-112 -128 -128 -121 -112 -107 -105 -105 -101 -98 -100 -96 -95 -100 -106 -113 -109 -103 -89 -91 -94 -102 -101 -109 -117 -128 -145 -228 -249 -263 -271 -277 -279 -272 -269 -268 -251 -241 -244 -237 -219 -215 -207 -212 -220 -236 -226 -235 -161 -6 10 33 156 186 204 318 414 509 324 731 655 595 733 681 239 832 685 690 772 870 814 808 784 472 752 597 623 357 599 521 414 498 267 368 204 146 263 230 245 204 208 155 2 53 -1 -6
-130 -126 -122 -117 -108 -111 -106 -101 -96 -93 -90 -81 -81 -97 -92 -96 -103 -103 -99 -102 -106 -106 -108 -110 -111 -117 -126 -181 -233 -256 -266 -273 -280 -281 -280 -289 -292 -265 -256 -264 -258 -237 -238 -249 -236 -240 -246 -253 -259 -202 11 69 214 294 288 320 198 234 573 559 610 594 486 467 562 642 542 651 802 822 831 733 513 603 521 567 580 512 499 545 337 180 237 214 211 315 172 157 201 149 67 105 51 -3 -105 -163
-136 -135 -132 -122 -116 -108 -97 -89 -88 -87 -86 -76 -78 -87 -88 -90 -96 -95 -104 -102 -99 -100 -103 -108 -113 -116 -124 -142 -181 -209 -225 -260 -282 -283 -277 -279 -282 -278 -269 -266 -267 -274 -270 -276 -292 -288 -279 -273 -271 -270 -245 14 78 117 198 133 93 418 277 602 360 280 443 379 543 535 339 504 485 669 745 649 489 438 375 434 214 247 460 438 449 216 257 226 255 252 260 141 139 80 60 3 -34 -156 -244 -330
-131 -130 -130 -120 -113 -105 -92 -80 -74 -75 -76 -74 -75 -78 -80 -91 -88 -84 -86 -95 -99 -103 -95 -88 -92 -108 -114 -121 -146 -159 -156 -202 -270 -281 -283 -287 -285 -285 -281 -275 -276 -284 -279 -289 -284 -280 -305 -290 -305 -291 -292 -273 -49 15 39 40 168 333 185 311 489 198 437 165 441 421 289 382 493 384 461 406 267 389 321 452 364 365 325 413 393 222 368 120 285 173 112 78 52 19 0 -77 -213 -302 -378 -418
-137 -135 -124 -119 -113 -106 -96 -84 -84 -87 -89 -89 -86 -79 -73 -75 -84 -90 -90 -90 -89 -88 -88 -95 -96 -102 -119 -145 -160 -158 -149 -165 -186 -238 -270 -281 -285 -286 -286 -281 -283 -290 -296 -296 -298 -290 -316 -308 -343 -350 -344 -339 -294 -171 -49 -2 88 179 175 231 303 337 90 266 238 157 350 412 485 479 352 422 317 260 321 372 285 245 172 317 219 240 254 270 205 87 60 42 -1 -26 -190 -276 -359 -385 -409 -430
-123 -120 -120 -120 -115 -106 -104 -102 -105 -98 -92 -91 -82 -66 -60 -63 -76 -84 -85 -82 -81 -78 -87 -98 -87 -89 -96 -102 -111 -120 -118 -127 -139 -145 -184 -208 -247 -280 -296 -288 -292 -293 -294 -309 -317 -315 -314 -303 -314 -322 -339 -341 -363 -299 -249 -219 -168 -110 -28 72 234 164 204 57 293 271 332 287 464 445 426 297 391 262 316 298 371 295 269 121 237 157 98 59 148 27 -1 -6 -175 -262 -349 -399 -381 -393 -434 -521
-116 -113 -119 -121 -117 -110 -113 -101 -98 -98 -92 -86 -73 -58 -62 -62 -71 -77 -77 -70 -67 -70 -73 -71 -70 -75 -75 -89 -107 -118 -117 -122 -127 -126 -135 -141 -163 -190 -237 -261 -281 -287 -286 -295 -297 -294 -298 -299 -291 -299 -328 -324 -326 -348 -336 -306 -274 -293 -295 -153 -215 -7 91 14 31 233 332 307 300 112 324 191 319 157 241 310 248 221 152 205 139 92 104 44 0 -6 -112 -244 -324 -360 -389 -415 -447 -496 -618 -658
-121 -120 -122 -123 -122 -115 -103 -89 -84 -84 -84 -80 -74 -72 -74 -70 -66 -72 -74 -73 -68 -60 -63 -62 -53 -46 -48 -84 -86 -107 -102 -106 -100 -116 -120 -102 -126 -145 -138 -174 -199 -223 -225 -241 -240 -245 -257 -258 -278 -281 -283 -304 -309 -329 -352 -341 -311 -290 -359 -351 -278 -162 -24 188 13 14 290 199 20 149 251 150 243 152 160 224 83 46 117 8 30 66 3 -5 -143 -221 -317 -405 -414 -425 -489 -540 -623 -652 -644 -632
-117 -111 -110 -114 -119 -117 -105 -92 -89 -88 -84 -78 -74 -72 -72 -71 -66 -70 -74 -75 -73 -60 -59 -54 -61 -59 -78 -87 -89 -100 -93 -97 -89 -97 -85 -97 -104 -114 -112 -124 -122 -136 -131 -154 -175 -164 -184 -205 -226 -253 -273 -270 -295 -306 -319 -312 -320 -346 -395 -375 -342 -399 -325 -4 11 0 15 5 65 100 127 108 120 68 38 79 8 11 0 13 -19 -97 -140 -305 -428 -466 -454 -459 -561 -586 -600 -616 -608 -593 -570 -540
-105 -94 -91 -90 -100 -104 -105 -102 -96 -86 -78 -75 -73 -70 -70 -71 -69 -67 -69 -74 -75 -79 -69 -66 -70 -80 -87 -90 -91 -89 -88 -87 -90 -97 -92 -98 -97 -94 -96 -94 -101 -98 -95 -108 -129 -123 -129 -145 -172 -205 -229 -234 -260 -281 -294 -287 -307 -312 -330 -346 -348 -334 -341 -411 -372 -245 -135 -13 -7 -8 -14 -7 -5 3 3 -31 -243 -247 -293 -398 -471 -427 -458 -456 -499 -516 -521 -529 -542 -542 -545 -541 -524 -499 -446 -394
-92 -82 -82 -83 -84 -89 -97 -98 -92 -85 -83 -74 -68 -70 -67 -65 -61 -58 -53 -64 -65 -55 -54 -62 -70 -78 -83 -85 -80 -78 -72 -80 -69 -78 -62 -74 -78 -89 -96 -97 -93 -87 -101 -101 -100 -116 -107 -115 -129 -151 -176 -199 -225 -210 -263 -266 -285 -289 -300 -310 -340 -364 -384 -381 -389 -426 -416 -392 -448 -382 -352 -426 -425 -465 -469 -475 -486 -469 -472 -532 -505 -523 -529 -515 -476 -499 -521 -515 -520 -486 -454 -404 -355 -296 -242 -192
-111 -108 -99 -94 -83 -77 -87 -85 -78 -82 -81 -68 -57 -66 -68 -67 -63 -57 -50 -50 -49 -52 -56 -48 -54 -65 -68 -69 -74 -67 -67 -64 -52 -73 -49 -63 -66 -75 -81 -74 -96 -101 -101 -101 -97 -116 -118 -108 -118 -121 -136 -156 -170 -191 -240 -249 -266 -273 -262 -288 -305 -333 -347 -364 -359 -368 -394 -384 -400 -426 -437 -426 -418 -429 -451 -504 -493 -489 -497 -479 -494 -492 -500 -483 -456 -451 -382 -342 -347 -263 -235 -214 -188 -162 -137 -115
-112 -107 -107 -111 -100 -82 -83 -82 -86 -87 -83 -78 -72 -65 -58 -60 -56 -51 -47 -46 -58 -64 -63 -64 -64 -63 -63 -64 -66 -66 -60 -55 -43 -65 -43 -57 -63 -56 -74 -68 -81 -94 -91 -93 -84 -94 -109 -103 -115 -112 -120 -128 -130 -141 -154 -172 -225 -264 -265 -294 -289 -305 -317 -338 -330 -333 -334 -329 -312 -327 -357 -340 -357 -360 -362 -445 -437 -421 -416 -423 -405 -323 -366 -309 -256 -229 -201 -181 -167 -143 -113 -106 -108 -88 -62 -35
-110 -108 -111 -111 -109 -104 -102 -94 -89 -85 -88 -91 -82 -67 -65 -64 -56 -45 -46 -59 -62 -64 -67 -69 -74 -70 -63 -63 -68 -61 -60 -63 -52 -59 -44 -58 -71 -72 -74 -75 -84 -85 -82 -66 -77 -81 -87 -85 -92 -104 -80 -100 -110 -117 -123 -146 -156 -160 -167 -160 -161 -195 -278 -252 -286 -282 -294 -289 -285 -271 -276 -272 -304 -321 -305 -320 -308 -308 -285 -228 -242 -232 -229 -198 -166 -159 -128 -114 -92 -91 -69 -60 -51 -45 -39 -25
-101 -98 -102 -103 -106 -111 -109 -102 -93 -82 -81 -87 -80 -72 -72 -69 -66 -61 -61 -62 -62 -66 -68 -71 -73 -73 -70 -72 -70 -61 -59 -63 -58 -66 -46 -50 -71 -66 -74 -76 -80 -77 -83 -84 -87 -95 -86 -79 -83 -83 -86 -89 -90 -92 -95 -115 -117 -114 -117 -115 -117 -139 -152 -170 -203 -207 -206 -218 -195 -203 -207 -229 -239 -246 -247 -221 -197 -202 -183 -171 -165 -158 -144 -130 -118 -99 -87 -76 -66 -51 -49 -35 -32 -30 -19 -21
-78 -88 -98 -108 -93 -121 -124 -118 -109 -103 -95 -88 -86 -81 -80 -77 -77 -74 -73 -77 -78 -75 -68 -71 -72 -69 -73 -68 -64 -65 -64 -61 -59 -61 -60 -69 -68 -70 -74 -75 -70 -67 -78 -91 -87 -89 -86 -83 -88 -88 -87 -89 -85 -88 -95 -89 -83 -97 -102 -101 -98 -111 -109 -109 -131 -124 -124 -129 -119 -123 -127 -142 -131 -143 -141 -125 -127 -135 -126 -128 -123 -104 -98 -81 -67 -64 -73 -49 -41 -35 -27 -24 -22 -19 -18 -18
-66 -82 -99 -113 -121 -129 -131 -128 -118 -105 -95 -86 -86 -84 -88 -91 -89 -87 -84 -80 -75 -86 -77 -71 -75 -79 -76 -75 -70 -69 -66 -61 -55 -58 -63 -63 -64 -64 -58 -51 -67 -61 -63 -67 -66 -65 -72 -74 -84 -88 -109 -76 -86 -87 -82 -100 -102 -104 -90 -86 -88 -103 -101 -97 -97 -93 -88 -94 -90 -85 -69 -79 -81 -85 -82 -70 -75 -79 -72 -71 -73 -64 -53 -49 -49 -39 -32 -28 -27 -27 -24 -20 -21 -20 -17 -19
-68 -73 -96 -113 -121 -125 -124 -121 -114 -107 -101 -96 -96 -96 -94 -91 -87 -80 -78 -86 -77 -75 -78 -76 -73 -70 -69 -67 -61 -62 -61 -55 -51 -49 -54 -63 -60 -61 -49 -40 -48 -49 -53 -53 -60 -64 -61 -66 -84 -72 -68 -72 -71 -68 -65 -85 -67 -66 -69 -72 -72 -73 -71 -75 -81 -87 -83 -79 -76 -65 -63 -60 -52 -58 -59 -63 -55 -48 -41 -42 -46 -39 -33 -31 -28 -26 -22 -21 -21 -21 -22 -20 -19 -20 -14 -13
-85 -82 -82 -92 -112 -117 -111 -118 -115 -109 -101 -98 -100 -101 -96 -89 -85 -80 -75 -80 -79 -69 -66 -65 -65 -62 -60 -60 -62 -62 -59 -60 -61 -59 -52 -51 -48 -49 -44 -48 -51 -51 -55 -52 -52 -59 -63 -59 -53 -57 -63 -66 -54 -62 -58 -55 -60 -66 -66 -67 -71 -68 -68 -70 -71 -81 -69 -74 -76 -67 -47 -46 -43 -55 -55 -49 -48 -46 -43 -40 -36 -34 -31 -25 -21 -21 -21 -21 -21 -21 -20 -18 -14 -12 -11 -10
-88 -88 -86 -83 -95 -103 -108 -111 -112 -108 -103 -101 -101 -88 -83 -80 -82 -81 -76 -76 -75 -66 -63 -61 -59 -61 -59 -56 -58 -52 -59 -58 -59 -52 -58 -58 -58 -60 -58 -56 -62 -63 -67 -64 -65 -58 -57 -55 -53 -51 -51 -49 -48 -45 -48 -44 -35 -43 -56 -55 -50 -46 -50 -59 -50 -55 -60 -59 -49 -49 -45 -47 -49 -48 -48 -41 -38 -41 -41 -35 -30 -28 -24 -20 -20 -19 -17 -11 -11 -10 -4 8 -2 -6 -3 23
-100 -88 -84 -85 -97 -100 -101 -99 -99 -93 -84 -87 -90 -86 -76 -75 -76 -72 -67 -72 -68 -65 -64 -63 -62 -61 -56 -53 -57 -51 -55 -52 -55 -56 -54 -59 -60 -63 -69 -69 -69 -61 -69 -69 -60 -57 -52 -52 -44 -40 -43 -52 -44 -48 -46 -48 -49 -45 -44 -44 -40 -46 -52 -50 -48 -49 -51 -46 -30 -30 -30 -26 -30 -42 -31 -27 -32 -34 -33 -30 -25 -21 -20 -20 -20 -5 17 15 4 10 13 7 -10 1 12 37
-104 -97 -87 -82 -89 -86 -88 -88 -84 -82 -78 -79 -81 -82 -81 -79 -76 -68 -64 -62 -62 -62 -62 -61 -65 -64 -66 -62 -56 -59 -56 -47 -47 -53 -57 -57 -60 -60 -62 -64 -65 -64 -63 -63 -56 -49 -39 -43 -43 -34 -36 -38 -48 -54 -53 -45 -55 -59 -53 -42 -40 -44 -49 -49 -43 -33 -31 -30 -29 -39 -33 -30 -30 -30 -21 -20 -36 -32 -27 -24 -20 -21 -21 -13 12 20 37 16 20 4 -10 -28 -30 -34 -3 25
-118 -105 -102 -93 -86 -86 -85 -83 -76 -80 -80 -78 -78 -81 -82 -80 -79 -70 -66 -61 -60 -52 -54 -63 -65 -66 -64 -60 -56 -55 -56 -52 -49 -53 -51 -53 -55 -59 -62 -62 -64 -63 -56 -58 -48 -36 -23 -38 -43 -27 -49 -38 -48 -49 -49 -49 -39 -46 -42 -46 -39 -39 -38 -35 -32 -32 -31 -30 -31 -31 -31 -30 -30 -29 -27 -32 -31 -29 -26 -23 -21 -20 -15 16 17 11 23 9 10 6 -16 -30 15 3 11 12
-123 -115 -109 -100 -90 -88 -84 -85 -81 -78 -73 -70 -72 -77 -81 -79 -75 -66 -67 -63 -60 -56 -56 -61 -62 -64 -63 -64 -58 -53 -52 -52 -52 -50 -48 -47 -47 -52 -51 -55 -58 -60 -57 -53 -47 -45 -49 -28 -26 -24 -31 -25 -30 -51 -41 -43 -50 -48 -42 -34 -36 -36 -36 -33 -31 -30 -30 -30 -31 -31 -31 -28 -23 -26 -29 -27 -30 -30 -25 -21 -22 -18 4 5 19 18 -4 2 3 16 -32 12 -13 1 18 11
-120 -114 -103 -99 -99 -100 -96 -94 -89 -85 -81 -72 -69 -69 -71 -71 -69 -66 -65 -62 -60 -59 -62 -68 -70 -68 -61 -63 -63 -62 -65 -61 -60 -56 -51 -48 -44 -38 -42 -45 -55 -56 -55 -57 -59 -56 -51 -49 -42 -30 -38 -46 -39 -53 -51 -48 -48 -46 -43 -40 -37 -36 -36 -35 -33 -30 -34 -42 -33 -31 -29 -21 -22 -31 -33 -37 -32 -29 -22 -20 -20 -9 -1 51 42 1 11 13 21 3 19 14 9 -14 17 18
-117 -111 -101 -95 -97 -95 -98 -101 -94 -90 -81 -69 -63 -60 -64 -72 -75 -73 -68 -65 -64 -62 -65 -66 -66 -70 -66 -62 -61 -67 -70 -67 -69 -49 -48 -52 -44 -37 -52 -51 -60 -66 -65 -60 -59 -60 -56 -56 -50 -46 -52 -56 -51 -52 -54 -51 -48 -41 -38 -36 -33 -32 -34 -35 -38 -37 -34 -31 -32 -31 -31 -30 -30 -30 -28 -31 -30 -27 -22 -20 -19 -1 -4 -1 -3 9 1 -26 -8 7 34 19 16 -12 -39 15
-99 -102 -97 -89 -88 -91 -94 -90 -91 -87 -79 -71 -71 -68 -71 -71 -73 -74 -69 -70 -69 -63 -66 -55 -49 -67 -70 -68 -64 -66 -49 -65 -71 -65 -63 -65 -67 -58 -53 -55 -59 -60 -62 -63 -59 -55 -54 -57 -56 -57 -60 -48 -56 -48 -46 -49 -39 -30 -30 -33 -34 -31 -32 -35 -39 -46 -36 -32 -31 -31 -31 -31 -31 -30 -30 -30 -29 -25 -22 -21 -20 11 13 56 33 -1 -23 -28 11 1 15 15 7 29 3 10
-102 -106 -99 -82 -80 -86 -88 -81 -85 -85 -79 -73 -74 -79 -80 -78 -80 -77 -76 -73 -71 -70 -71 -73 -70 -67 -68 -68 -65 -72 -65 -65 -70 -69 -76 -69 -63 -54 -48 -47 -45 -38 -38 -52 -49 -51 -46 -53 -59 -51 -46 -54 -50 -46 -44 -39 -34 -34 -36 -37 -36 -29 -32 -37 -39 -37 -35 -33 -33 -31 -32 -31 -31 -31 -30 -30 -29 -25 -22 -18 -11 9 18 28 35 36 22 -12 -3 18 19 11 38 14 9 39
-119 -109 -102 -94 -90 -89 -86 -85 -81 -77 -79 -76 -74 -74 -79 -80 -82 -76 -74 -72 -68 -67 -66 -70 -60 -70 -73 -71 -68 -68 -67 -66 -64 -70 -79 -75 -60 -43 -42 -42 -41 -34 -37 -56 -39 -45 -42 -49 -59 -59 -49 -50 -46 -39 -36 -38 -38 -38 -38 -37 -35 -34 -35 -38 -39 -37 -35 -33 -33 -32 -32 -31 -31 -31 -30 -30 -28 -26 -24 -21 -11 -1 2 9 13 31 28 44 35 49 45 18 33 48 56 50
-125 -121 -121 -115 -105 -99 -95 -87 -90 -83 -80 -80 -78 -74 -75 -76 -77 -73 -74 -74 -64 -62 -65 -68 -70 -67 -69 -72 -70 -71 -73 -70 -68 -62 -51 -71 -61 -44 -43 -44 -41 -38 -31 -56 -38 -48 -49 -55 -61 -49 -45 -45 -43 -42 -43 -43 -42 -41 -41 -40 -38 -36 -34 -35 -34 -33 -32 -31 -32 -32 -31 -30 -30 -28 -31 -30 -29 -27 -24 -22 -11 1 -3 4 18 28 34 36 28 27 32 36 44 38 56 64
-131 -127 -126 -124 -118 -111 -103 -87 -91 -86 -80 -81 -79 -78 -77 -73 -72 -72 -71 -71 -66 -46 -47 -66 -67 -72 -76 -78 -71 -72 -71 -71 -71 -71 -75 -71 -61 -50 -42 -41 -45 -41 -43 -51 -47 -42 -46 -51 -57 -61 -61 -52 -50 -49 -46 -47 -42 -39 -40 -42 -40 -38 -36 -36 -34 -32 -29 -30 -32 -32 -31 -29 -28 -29 -29 -30 -29 -26 -22 -21 -16 0 1 13 40 51 66 64 45 41 37 42 50 62 75 75
-129 -128 -124 -119 -114 -105 -97 -86 -79 -77 -76 -77 -79 -78 -80 -77 -76 -76 -74 -73 -69 -65 -60 -62 -65 -70 -66 -70 -75 -71 -70 -67 -64 -65 -62 -67 -65 -56 -50 -59 -44 -42 -46 -60 -46 -49 -48 -48 -51 -49 -51 -49 -46 -50 -50 -45 -39 -37 -38 -39 -40 -39 -38 -37 -35 -33 -33 -32 -32 -32 -31 -31 -32 -33 -31 -31 -31 -27 -23 -18 -10 -1 -10 14 39 49 75 52 38 68 42 46 62 61 76 89
-109 -108 -111 -109 -107 -97 -91 -87 -80 -78 -73 -72 -75 -77 -80 -83 -84 -84 -79 -73 -69 -66 -64 -67 -65 -70 -69 -67 -66 -65 -66 -60 -55 -57 -56 -59 -55 -49 -53 -51 -41 -49 -46 -46 -42 -39 -42 -46 -47 -49 -54 -51 -50 -51 -45 -41 -39 -39 -40 -40 -39 -38 -37 -35 -33 -33 -33 -34 -34 -34 -33 -31 -30 -30 -30 -30 -30 -27 -24 -21 -5 -2 -2 12 39 47 43 35 41 68 66 53 48 62 71 89
-90 -91 -100 -99 -97 -89 -85 -86 -80 -76 -74 -74 -73 -76 -76 -79 -80 -80 -78 -74 -73 -69 -70 -72 -70 -68 -67 -64 -62 -57 -58 -56 -56 -54 -44 -49 -49 -48 -47 -46 -43 -39 -33 -32 -36 -39 -45 -51 -54 -54 -53 -52 -49 -47 -44 -41 -39 -36 -38 -39 -39 -38 -37 -35 -34 -33 -33 -33 -35 -36 -31 -31 -29 -29 -29 -28 -27 -26 -24 -23 -14 -2 -2 1 10 11 23 27 27 32 28 37 43 53 65 69
-106 -106 -100 -99 -95 -87 -82 -88 -80 -79 -77 -76 -77 -82 -78 -76 -79 -80 -77 -75 -71 -70 -67 -67 -66 -63 -60 -57 -65 -59 -54 -53 -50 -50 -47 -46 -47 -51 -46 -43 -39 -35 -31 -30 -28 -38 -48 -55 -63 -64 -59 -50 -48 -46 -44 -42 -40 -34 -35 -37 -39 -39 -38 -37 -35 -34 -33 -32 -31 -30 -30 -28 -25 -23 -21 -21 -22 -22 -22 -21 -18 3 -2 -2 2 6 12 14 20 28 38 41 44 65 81 92
-89 -98 -97 -92 -88 -87 -83 -84 -83 -76 -77 -82 -83 -82 -79 -78 -78 -76 -73 -72 -67 -64 -61 -58 -57 -56 -56 -53 -50 -49 -49 -48 -47 -42 -43 -44 -44 -45 -45 -43 -40 -37 -35 -35 -38 -46 -43 -54 -54 -52 -52 -52 -49 -47 -45 -42 -40 -39 -40 -40 -41 -40 -39 -37 -36 -34 -33 -31 -30 -31 -29 -26 -23 -20 -20 -21 -21 -21 -21 -18 -14 -1 -21 6 17 35 46 34 31 30 35 43 54 68 78 87
-92 -86 -83 -80 -75 -77 -81 -82 -77 -77 -80 -81 -80 -49 -79 -74 -73 -67 -64 -62 -57 -53 -52 -50 -49 -50 -49 -47 -44 -42 -40 -39 -39 -39 -38 -37 -38 -39 -40 -39 -38 -38 -38 -39 -44 -52 -52 -53 -48 -50 -50 -48 -48 -46 -44 -41 -37 -42 -42 -42 -42 -40 -38 -36 -35 -34 -33 -32 -31 -31 -30 -26 -21 -21 -20 -19 -18 -16 -16 -15 -13 1 15 15 27 37 31 28 24 29 39 51 56 69 99 92
-86 -80 -76 -73 -71 -71 -74 -85 -79 -73 -73 -75 -74 -74 -71 -68 -68 -62 -55 -49 -47 -48 -46 -44 -42 -41 -40 -38 -37 -38 -37 -36 -36 -34 -33 -34 -34 -33 -32 -31 -29 -36 -33 -31 -42 -49 -54 -52 -40 -45 -50 -50 -49 -48 -46 -44 -43 -42 -42 -40 -39 -38 -37 -36 -34 -33 -32 -32 -31 -31 -30 -24 -18 -16 -15 -14 -12 -11 -11 -12 -6 4 22 10 17 31 10 21 24 38 42 51 71 71 49 69
-74 -72 -71 -75 -76 -68 -69 -74 -69 -67 -65 -62 -59 -57 -58 -57 -49 -43 -37 -41 -41 -40 -38 -36 -33 -31 -32 -32 -30 -32 -33 -33 -33 -30 -27 -30 -31 -30 -30 -32 -34 -36 -36 -37 -41 -45 -47 -49 -37 -34 -45 -50 -49 -51 -50 -47 -44 -42 -40 -39 -37 -37 -37 -35 -34 -32 -30 -31 -30 -29 -30 -31 -24 -12 -10 -10 -13 -16 -10 -6 4 9 -1 13 12 13 18 29 22 27 51 53 72 54 57 71
-70 -65 -65 -67 -68 -62 -54 -59 -50 -51 -52 -48 -46 -46 -45 -43 -41 -38 -36 -35 -34 -34 -33 -32 -32 -30 -31 -31 -30 -31 -31 -31 -30 -30 -30 -31 -32 -32 -32 -35 -38 -40 -40 -41 -43 -44 -45 -47 -48 -49 -45 -50 -44 -49 -49 -47 -45 -42 -40 -39 -38 -37 -37 -35 -32 -28 -26 -26 -26 -23 -21 -25 -27 -24 -22 -21 -12 -9 -10 -12 -12 -7 -1 -1 -1 22 20 7 12 26 44 52 58 34 43 58
-58 -55 -52 -54 -52 -50 -48 -49 -47 -40 -36 -32 -35 -37 -38 -37 -35 -33 -32 -31 -31 -31 -31 -31 -31 -31 -31 -31 -31 -30 -29 -30 -31 -31 -32 -33 -36 -37 -38 -40 -42 -43 -43 -43 -43 -43 -43 -43 -45 -47 -49 -49 -49 -49 -48 -48 -46 -44 -42 -39 -37 -36 -34 -32 -30 -25 -24 -25 -24 -23 -21 -20 -21 -22 -23 -23 -23 -21 -17 -15 -14 -13 -10 -4 8 -1 -1 1 7 10 17 41 34 52 43 40
-48 -45 -46 -36 -38 -38 -40 -39 -38 -36 -34 -32 -32 -31 -38 -34 -31 -31 -30 -31 -30 -30 -30 -30 -30 -31 -28 -29 -28 -26 -31 -30 -34 -32 -35 -38 -42 -44 -44 -44 -45 -46 -48 -45 -43 -42 -42 -41 -41 -44 -45 -47 -48 -48 -47 -48 -48 -46 -42 -36 -32 -34 -34 -33 -30 -28 -28 -29 -26 -24 -22 -21 -21 -22 -22 -22 -22 -21 -21 -19 -17 -14 -12 -8 -2 -1 -1 -2 2 2 10 31 57 36 34 45
-43 -39 -34 -33 -32 -32 -32 -32 -33 -35 -33 -32 -32 -32 -31 -31 -31 -31 -31 -29 -27 -28 -28 -29 -28 -26 -28 -30 -31 -33 -34 -34 -35 -36 -37 -38 -41 -44 -44 -45 -45 -45 -44 -44 -42 -41 -40 -41 -42 -43 -44 -45 -45 -45 -46 -46 -45 -45 -43 -40 -38 -38 -38 -39 -34 -30 -32 -32 -28 -22 -20 -21 -21 -21 -21 -21 -21 -21 -21 -18 -15 -13 -11 -7 -2 -1 -1 -7 2 15 33 21 21 28 39 39
