Challenge_3/RasterMaps/Europe.asc
NCOLS      912
NROWS       421
XLLCENTER   -14.591666666667
YLLCENTER    34.808333333333
CELLSIZE     0.0833333333333
NODATA_VALUE -9999
[rows 132 to 175 of 421, columns 768 to 863 of 912]
126 131 147 134 137 165 152 155 155 137 134 128 151 133 167 149 143 159 183 180 201 176 183 154 187 207 213 210 201 248 227 241 236 226 224 187 204 221 272 266 249 286 266 261 226 221 195 271 244 275 279 259 235 266 260 235 216 203 204 240 211 219 196 195 193 196 223 198 180 179 165 153 169 161 189 182 162 153 122 134 134 162 104 105 130 138 179 119 114 198 176 192 259 142 201 177
113 124 113 124 148 177 184 180 162 146 120 150 145 176 169 158 142 180 191 175 188 191 166 221 201 162 206 228 241 243 241 242 211 207 200 190 198 235 262 289 265 242 273 255 238 221 219 207 247 257 280 287 257 295 272 227 248 243 222 224 195 227 196 171 189 176 175 203 158 180 191 187 180 169 205 206 198 167 161 120 112 104 104 127 116 137 177 164 153 156 194 134 178 189 201 220
113 114 164 105 117 150 153 165 178 120 123 140 193 186 178 169 173 191 177 163 169 203 186 194 216 166 180 222 275 243 249 236 228 199 254 216 239 226 248 246 289 265 263 304 282 269 234 221 214 265 281 266 280 238 214 225 197 211 210 199 196 181 195 188 185 179 163 150 209 160 153 156 182 186 170 147 175 125 104 104 104 104 134 177 140 166 193 175 204 211 157 178 201 207 245 257
120 150 155 125 112 150 109 121 112 124 118 140 146 146 147 191 177 167 149 168 176 168 163 167 222 216 195 212 248 222 212 205 253 214 229 223 215 198 269 289 274 267 278 240 234 228 248 251 261 226 220 277 267 227 220 240 212 172 202 201 210 160 189 205 188 189 196 208 178 175 121 136 115 114 115 107 159 228 209 111 104 149 167 213 167 166 161 176 246 254 240 162 236 229 268 235
160 160 159 146 139 119 123 136 160 150 120 118 114 129 117 116 115 119 118 137 172 123 144 151 152 146 176 227 179 200 232 222 259 277 231 245 235 246 217 222 245 277 262 262 256 275 286 263 220 253 252 235 260 231 203 204 167 189 226 221 188 150 176 192 185 169 173 193 186 126 118 207 189 169 208 203 230 284 173 173 111 195 130 104 147 177 184 265 281 244 195 227 185 215 260 210
125 134 148 160 143 157 139 151 153 137 144 159 149 142 162 160 194 154 164 153 144 141 122 138 135 171 135 128 167 167 209 205 195 225 252 245 238 267 235 220 235 272 269 280 278 272 287 267 226 226 233 242 269 236 211 200 201 185 153 195 154 184 153 186 155 183 166 140 116 135 161 223 191 247 236 263 252 273 175 154 184 146 138 192 133 234 238 271 236 173 203 271 269 261 235 250
154 162 146 150 142 169 150 179 157 141 186 186 190 139 194 167 184 209 169 182 191 156 135 191 172 176 159 134 143 131 129 131 176 145 189 206 237 240 235 240 254 209 240 253 276 303 281 273 269 305 284 278 263 260 246 258 199 204 186 192 181 151 145 173 201 187 158 163 158 173 172 188 219 186 165 251 251 274 266 194 213 184 106 171 138 190 187 246 172 164 182 217 208 222 190 214
154 151 161 157 148 165 157 146 183 203 186 215 198 159 188 187 186 172 153 173 164 132 156 188 187 183 140 175 170 166 198 134 173 132 163 192 167 186 201 166 209 167 242 201 232 251 282 292 280 226 272 274 305 256 250 214 202 200 212 222 199 201 182 185 134 147 194 196 245 236 217 155 152 215 212 213 246 154 127 166 166 202 182 154 209 230 241 153 104 104 202 231 230 192 201 118
180 149 164 183 162 146 190 158 188 171 198 174 216 206 185 216 182 189 179 135 171 176 171 175 190 160 177 188 192 191 178 173 144 202 163 185 171 167 148 141 151 194 165 211 239 193 264 222 227 198 257 274 240 223 258 231 223 185 167 175 184 158 145 179 180 211 208 183 212 219 139 183 173 115 172 210 136 138 139 132 143 171 182 104 148 133 122 153 206 174 132 123 153 120 120 203
155 184 179 197 177 199 173 196 213 216 196 185 218 205 170 176 205 173 187 168 139 180 176 152 202 183 159 191 195 184 177 183 203 173 205 205 186 154 225 175 152 216 149 194 204 222 216 214 238 172 222 248 203 241 211 245 218 181 178 162 184 184 178 207 179 160 172 194 212 135 204 115 141 180 96 91 92 95 137 129 153 145 140 97 179 197 180 104 150 232 194 210 172 207 222 225
198 236 205 203 178 189 182 169 189 192 138 183 179 143 135 176 182 197 199 188 140 180 204 178 201 183 196 174 195 219 202 203 166 204 168 200 157 193 220 186 191 218 176 153 208 169 177 183 164 186 190 236 192 239 219 228 235 221 217 250 208 180 235 224 214 187 204 221 196 135 182 181 177 101 102 96 102 100 110 94 92 124 168 171 196 208 198 139 104 156 136 170 244 199 223 228
248 215 233 241 216 176 151 125 199 160 174 132 132 111 122 149 166 221 185 195 192 178 193 207 224 191 205 199 190 233 216 191 205 214 164 190 166 215 212 212 171 218 166 178 166 152 155 153 170 184 210 204 178 221 215 244 254 235 226 221 171 151 185 155 208 188 207 199 155 158 172 158 182 87 209 156 144 181 129 117 124 126 110 130 205 190 227 194 113 187 179 155 250 246 240 253
273 227 174 197 213 200 215 190 127 162 118 98 116 157 155 171 162 160 197 190 205 193 166 206 202 160 180 196 210 226 202 208 221 196 205 197 218 197 214 187 210 207 206 188 188 208 184 158 214 203 182 173 204 246 212 197 210 212 225 236 207 190 192 247 198 164 119 209 146 142 112 126 90 175 170 233 220 211 165 218 226 227 158 137 169 159 153 144 130 170 207 194 203 214 178 186
212 194 175 164 162 215 231 183 196 136 89 98 124 143 121 136 128 152 194 195 168 206 197 168 136 173 202 208 239 210 162 188 170 164 191 197 245 207 221 220 216 187 190 203 217 220 200 211 164 160 166 186 198 211 219 200 208 224 220 192 179 200 166 204 212 222 150 109 176 174 193 142 91 118 212 203 214 244 304 309 254 225 209 204 228 224 223 198 178 144 212 182 207 224 166 177
166 160 177 180 119 225 199 142 137 96 109 139 119 152 134 119 141 134 160 177 140 186 175 150 143 153 159 187 156 195 145 185 196 197 194 189 183 229 241 216 196 229 217 212 208 226 221 163 226 207 223 186 180 206 176 188 192 221 196 174 163 183 165 204 215 201 212 208 152 139 185 123 112 164 191 223 262 271 301 293 228 232 210 171 172 149 187 206 185 113 177 169 212 229 176 143
150 172 116 172 180 177 153 120 85 159 171 128 137 172 149 119 115 134 154 140 153 154 161 158 152 168 164 178 165 138 169 162 145 165 155 155 181 167 193 186 209 226 197 187 177 218 217 214 174 221 241 216 207 204 209 234 233 233 193 197 152 184 212 135 162 170 205 176 224 223 194 169 107 88 145 152 191 219 303 265 236 265 308 237 233 185 208 131 187 136 176 179 212 192 137 191
86 78 124 83 125 139 100 149 169 158 165 164 135 111 150 143 125 118 150 123 129 139 153 138 126 138 160 154 150 156 136 128 150 158 145 140 146 156 186 212 229 218 215 216 205 234 254 229 207 205 189 224 253 231 212 250 244 185 206 200 177 120 133 168 209 198 231 220 201 217 166 129 171 95 119 170 226 313 286 263 250 267 282 221 188 179 151 151 124 170 172 126 197 193 218 171
148 102 82 83 125 79 72 90 104 125 156 125 126 105 137 149 128 130 112 136 141 152 144 138 117 146 145 122 149 168 155 125 160 161 135 135 131 143 163 240 233 239 259 235 222 216 196 256 219 242 237 215 262 262 228 228 245 249 149 198 158 137 198 195 150 121 168 149 113 148 158 185 151 103 112 210 233 296 312 266 356 431 298 273 222 222 202 207 202 181 163 173 175 242 163 129
145 122 144 123 99 141 155 131 72 148 132 118 116 98 140 142 140 127 115 125 150 130 133 126 158 149 172 134 147 132 128 115 154 144 137 173 168 148 195 211 256 231 209 213 267 235 241 241 255 170 218 237 221 174 149 177 149 170 121 159 103 118 161 211 156 167 173 86 89 106 84 107 163 84 141 118 168 246 293 328 252 250 236 221 226 169 154 153 123 120 198 204 217 255 170 180
132 114 131 127 147 150 82 142 73 124 126 118 83 99 119 137 135 134 122 102 121 134 124 121 131 127 106 106 113 166 126 167 182 195 172 168 190 205 181 196 255 255 251 208 178 238 182 221 177 184 140 142 181 178 139 151 142 147 117 123 142 161 207 182 173 179 136 84 105 184 190 109 127 109 121 210 200 254 343 336 275 275 250 189 218 155 142 194 187 172 181 204 248 278 266 235
131 160 159 148 148 94 163 133 80 73 114 78 111 119 104 127 113 131 125 139 94 136 132 96 131 102 113 140 163 168 177 204 187 177 150 139 196 178 211 201 210 236 163 164 194 150 194 157 159 184 169 126 107 111 134 165 145 84 117 143 191 173 170 160 142 147 131 84 110 225 225 168 213 133 105 198 269 246 279 290 314 379 245 221 194 214 139 205 195 182 192 215 268 282 292 260
154 169 140 127 144 151 151 120 157 111 67 76 100 92 126 139 139 135 150 127 97 134 120 90 99 92 157 178 164 161 159 169 156 168 124 160 180 164 185 166 172 183 151 131 131 122 133 143 214 141 156 159 140 139 94 120 78 133 167 158 158 84 84 84 89 84 86 131 241 238 163 152 195 115 104 161 168 167 253 355 379 308 254 225 251 228 146 190 208 215 218 231 291 285 264 308
151 138 146 137 145 134 122 118 132 117 132 84 69 90 77 103 87 87 78 78 87 92 84 85 141 149 120 140 132 160 156 160 152 113 155 179 170 162 138 171 157 140 162 129 101 151 157 166 139 166 156 171 182 120 131 74 128 84 84 84 87 102 129 189 170 137 145 215 187 185 191 145 167 195 118 216 221 229 214 267 324 283 222 213 212 194 195 196 175 197 247 233 264 297 318 299
163 152 149 161 155 140 117 117 163 141 114 108 80 63 90 109 119 127 120 119 155 129 120 113 128 87 100 113 106 176 121 133 108 162 200 166 145 182 210 186 140 189 177 154 102 131 147 152 153 143 141 128 161 131 141 71 136 84 117 183 177 168 177 164 203 157 175 240 229 222 240 223 203 193 123 244 218 234 254 221 287 279 232 223 266 206 225 192 225 189 240 244 260 283 310 317
158 147 142 128 119 101 103 127 160 147 120 139 126 68 78 101 119 125 163 176 199 151 180 144 104 135 125 101 103 96 164 100 132 172 201 142 149 162 171 210 149 174 171 124 123 134 89 109 137 163 164 126 84 76 71 91 97 84 142 168 119 181 171 152 211 176 192 242 220 176 166 164 192 197 183 139 153 250 228 184 227 243 241 258 241 213 249 237 166 232 217 210 262 283 340 314
167 138 148 151 159 154 116 162 162 138 111 125 143 108 71 124 114 186 165 140 173 139 135 150 162 139 129 171 145 101 101 118 163 171 168 107 138 162 149 194 138 182 165 183 155 89 144 169 186 170 133 145 86 83 89 86 126 130 97 127 160 175 167 155 164 145 183 146 165 211 226 202 238 212 235 184 188 202 210 286 253 201 219 245 251 230 205 218 228 244 232 247 268 300 358 306
174 141 144 167 135 121 143 138 140 148 131 169 151 116 108 63 65 83 139 144 133 155 176 190 182 163 169 154 114 169 182 193 117 123 139 180 204 188 161 149 113 103 159 153 111 109 170 184 164 111 162 152 105 77 90 163 164 171 169 179 169 141 134 106 126 155 191 198 200 223 188 161 231 241 239 222 265 286 307 326 223 177 190 211 261 203 228 236 233 192 243 260 318 337 346 330
115 139 169 154 181 163 186 182 163 146 178 159 118 160 144 136 63 73 103 137 139 149 100 103 122 139 182 145 137 199 229 183 202 152 127 197 177 141 181 198 169 135 158 117 81 147 161 171 164 178 150 158 101 69 79 169 160 187 183 168 178 124 95 193 139 158 184 169 143 178 180 129 219 181 198 199 239 180 195 184 172 212 151 204 232 204 236 242 195 257 200 246 318 312 343 344
132 124 133 154 172 187 162 153 167 175 149 175 142 71 109 155 156 122 57 86 125 139 92 141 174 147 186 186 189 190 210 214 162 168 147 168 159 243 183 152 116 105 122 78 147 184 208 186 139 113 116 109 157 61 97 106 143 134 126 179 124 112 143 198 175 137 171 152 109 164 167 168 117 183 148 192 174 169 171 160 132 196 217 177 198 209 235 235 219 235 233 269 286 342 357 338
178 167 148 169 172 142 135 137 161 163 164 99 138 184 170 147 163 156 58 99 114 77 140 125 169 170 106 149 192 208 192 209 207 218 213 124 206 157 141 110 111 124 86 80 184 127 134 173 167 124 169 136 103 132 76 98 75 141 124 135 154 92 182 157 153 204 179 143 118 98 98 104 109 106 168 176 179 174 165 171 170 140 233 238 187 196 221 225 265 258 282 295 307 266 346 377
157 126 132 166 160 182 147 146 142 164 127 169 167 149 140 159 77 156 183 115 59 121 121 151 154 124 151 141 170 201 187 182 215 221 186 158 212 161 203 144 98 86 74 135 130 142 136 104 166 150 143 161 147 185 129 82 65 116 124 136 76 157 152 120 111 133 98 90 97 121 134 154 179 153 127 144 169 174 179 147 135 163 150 165 172 200 174 223 236 235 278 301 298 310 340 344
142 145 146 159 191 166 173 138 181 178 187 193 184 119 108 177 187 192 172 93 71 118 57 102 67 141 130 199 184 124 144 130 186 183 198 204 170 159 140 194 193 171 105 69 109 138 103 82 101 88 98 95 140 166 147 155 136 60 63 76 70 73 81 89 95 94 123 145 137 180 173 139 178 194 200 174 160 170 181 153 194 111 122 164 220 200 216 167 185 261 318 309 276 315 343 292
146 166 162 153 164 152 113 149 150 168 169 155 183 190 194 188 191 155 91 166 180 105 158 58 103 155 187 173 162 104 155 185 178 180 167 126 158 107 193 178 116 106 132 63 89 118 119 127 106 97 194 150 130 140 161 164 118 72 83 98 121 161 145 137 118 142 146 180 181 164 140 114 160 126 169 170 141 128 122 134 100 125 203 211 228 218 231 171 215 244 291 285 201 305 287 335
131 145 116 143 144 85 128 139 166 165 145 160 169 179 190 192 187 165 182 169 184 176 116 55 84 95 153 170 96 144 156 154 179 149 135 179 102 146 175 149 108 81 60 126 139 179 156 130 118 161 172 174 145 102 135 169 62 93 86 111 161 141 123 188 135 175 136 150 156 162 117 96 148 151 127 150 167 127 97 101 155 147 162 163 222 207 221 233 221 224 194 261 298 194 321 295
85 84 129 131 162 178 148 150 173 135 121 156 153 133 187 172 158 188 140 129 162 170 133 144 52 105 107 65 97 174 154 177 174 163 148 87 174 125 132 71 57 67 72 91 118 205 167 131 189 160 115 60 63 63 73 80 86 87 94 143 131 181 179 155 164 124 170 123 90 130 90 136 158 154 139 161 91 104 128 122 157 191 206 232 239 212 190 187 234 256 276 281 307 274 335 285
178 190 134 174 106 109 166 163 148 145 100 144 122 134 169 159 180 205 135 113 142 87 88 74 142 78 92 141 135 145 199 156 168 133 94 106 57 57 57 57 57 57 59 58 175 174 183 81 78 100 57 59 59 61 73 77 78 78 78 88 133 147 157 173 110 135 137 145 99 85 142 81 81 83 86 91 135 129 146 187 132 140 142 197 213 191 186 162 186 259 279 258 309 349 334 354
163 145 136 125 101 112 134 143 157 98 96 152 145 132 118 178 174 190 156 138 191 190 148 135 52 51 152 198 175 170 108 132 147 101 119 75 121 85 122 124 138 112 65 57 60 59 59 59 61 61 61 65 79 122 60 61 61 66 70 72 74 75 84 81 80 80 79 84 84 89 89 103 140 142 125 118 142 150 168 168 170 195 223 225 222 204 185 261 260 262 205 212 262 337 343 374
135 111 111 72 77 92 76 87 124 92 107 113 146 175 155 160 172 165 161 187 152 173 104 91 146 76 98 88 194 52 59 94 51 70 96 57 111 124 141 169 171 121 139 133 118 57 62 58 64 61 63 105 116 143 114 113 61 63 65 62 62 66 67 67 79 82 100 134 153 156 114 143 137 145 173 185 196 159 206 197 177 191 172 200 195 219 230 243 281 285 213 316 319 299 360 380
95 55 114 117 159 117 135 153 166 159 139 170 128 152 105 98 173 120 102 184 182 98 183 155 142 82 132 139 75 123 81 116 95 81 98 125 160 154 201 129 115 89 70 104 149 144 127 83 64 60 94 130 120 154 130 124 87 79 130 126 119 95 72 67 66 96 150 153 141 152 148 122 163 167 147 186 194 155 178 153 171 213 245 243 178 235 228 239 261 306 310 335 174 331 346 389
59 84 102 152 97 122 93 144 105 135 142 130 91 139 152 89 180 111 140 185 145 72 96 98 129 132 52 50 136 114 201 186 176 151 150 182 132 206 146 117 137 79 139 147 156 142 112 73 89 105 129 139 155 136 117 77 95 146 132 142 121 98 123 79 67 112 179 70 115 79 140 159 120 117 90 184 106 215 155 130 203 183 264 287 289 237 184 159 294 291 314 346 341 263 219 251
54 118 133 80 80 126 130 68 85 92 71 114 65 51 101 79 150 47 47 66 70 47 49 48 50 49 59 105 52 131 206 119 103 160 120 182 212 145 135 126 124 120 93 117 78 64 103 95 153 171 162 157 141 94 122 135 206 150 140 111 113 143 115 129 111 118 71 69 93 120 95 193 82 75 75 151 164 171 165 110 157 237 258 247 262 270 194 298 329 336 330 333 371 373 393 414
48 101 53 45 46 82 113 127 45 45 45 45 53 45 45 46 61 80 107 117 93 81 47 124 139 116 158 119 88 70 64 60 114 205 198 165 210 164 163 124 105 126 145 137 105 141 178 157 152 216 148 145 140 103 166 168 186 151 139 99 175 157 118 103 101 149 146 125 137 135 139 125 74 75 135 127 91 124 111 98 151 197 190 225 249 259 286 247 319 303 335 297 363 370 372 434
47 45 45 45 45 45 47 48 45 76 73 83 78 137 152 149 131 110 111 91 99 56 104 157 147 182 203 160 192 136 145 85 102 129 198 230 217 157 142 213 190 152 215 150 99 76 147 165 205 192 143 166 156 115 159 203 230 203 149 146 148 189 138 129 127 153 172 163 126 161 115 76 120 178 170 172 160 165 186 222 217 248 163 174 200 243 182 205 215 273 254 330 366 343 378 575
45 45 45 45 45 64 76 87 118 98 77 130 121 123 150 134 153 131 114 147 138 71 144 120 165 168 191 191 225 209 110 79 121 125 221 171 244 223 140 206 150 117 87 157 141 85 152 193 272 202 174 179 152 101 141 148 193 173 214 173 114 177 130 227 206 208 189 162 175 133 111 113 76 111 153 77 80 99 174 166 231 217 222 182 141 157 111 151 173 200 212 223 266 395 543 359
