Challenge_3/RasterMaps/North_America.asc
NCOLS        1093
NROWS        534
XLLCENTER    -140.275000000000
YLLCENTER    18.141666666667
CELLSIZE     0.08333333333334
NODATA_VALUE -9999
[rows 456 to 493 of 534, columns 85 to 169 of 1093]
-4940 -4805 -4604 -4436 -4804 -4692 -4777 -4641 -4648 -4871 -4872 -5027 -4809 -4509 -4475 -4553 -4503 -4581 -4190 -4391 -4527 -4568 -4749 -4702 -4675 -4589 -4131 -4693 -4694 -4689 -4760 -4863 -4743 -4838 -4773 -4724 -4740 -4655 -4727 -4618 -4541 -4517 -4621 -4662 -4575 -4601 -4527 -4436 -4441 -4543 -4416 -4380 -4372 -4375 -4297 -4410 -4528 -4415 -4407 -4392 -4327 -4382 -4417 -4336 -4445 -4308 -4250 -4370 -4444 -4347 -4527 -4937 -4862 -4607 -4613 -4626 -4550 -3988 -3305 -4059 -4597 -4457 -4558 -4665 -3979
-4652 -4576 -4669 -4546 -4407 -4662 -4712 -4707 -4652 -4643 -4856 -4881 -4582 -4615 -4622 -4767 -4842 -4751 -4434 -4684 -4592 -4846 -4778 -4750 -4464 -4444 -4606 -4605 -4744 -4583 -4579 -4748 -4637 -4660 -4646 -4623 -4615 -4669 -4606 -4639 -4518 -4401 -4388 -4641 -4537 -4340 -4446 -4405 -4295 -4339 -4359 -4297 -4363 -4402 -4258 -4385 -4514 -4387 -4533 -4561 -4392 -4232 -4325 -4170 -4246 -4491 -4492 -4447 -4390 -4347 -4436 -4569 -4700 -4535 -4261 -4418 -4610 -4212 -4004 -4510 -4142 -3388 -3041 -3299 -3228
-4682 -4801 -4706 -4809 -4747 -4731 -4778 -4875 -4743 -4650 -4813 -4735 -4658 -4752 -4668 -4836 -4813 -4223 -4443 -4773 -4801 -4753 -4788 -4643 -4135 -4462 -4693 -4705 -4739 -4671 -4520 -4573 -4694 -4622 -4648 -4556 -4581 -4652 -4570 -4587 -4613 -4466 -4248 -4566 -4444 -4335 -4504 -4418 -4244 -4291 -4415 -4370 -4336 -4330 -4374 -4385 -4587 -4517 -4520 -4473 -4474 -4409 -4287 -4287 -4272 -4400 -4482 -4499 -4376 -4412 -4495 -4291 -4330 -4410 -4381 -4401 -4370 -4470 -4539 -4676 -3824 -2317 -3353 -4419 -4493
-4798 -4794 -4678 -4768 -5216 -4888 -4746 -4700 -4673 -4733 -4769 -4686 -4644 -4646 -4646 -4550 -4742 -4466 -4739 -4874 -4706 -4759 -4750 -4660 -4734 -4713 -4583 -4570 -4673 -4842 -4939 -4816 -4621 -4325 -4408 -4466 -4575 -4700 -4648 -4615 -4691 -4595 -4406 -4452 -4492 -4407 -4435 -4340 -4377 -4319 -4296 -4376 -4451 -4453 -4530 -4415 -4533 -4479 -4429 -4383 -4540 -4465 -4426 -4359 -4313 -4262 -4346 -4418 -4383 -4291 -4314 -4254 -4318 -4265 -4331 -4455 -4395 -4429 -4572 -4576 -4623 -4670 -4426 -5147 -5132
-4823 -4812 -4767 -4734 -4991 -5016 -4681 -4760 -4589 -4488 -4574 -4720 -4656 -4624 -4577 -4557 -4732 -4599 -4673 -4496 -4605 -4634 -4672 -4583 -4698 -4611 -4559 -4592 -4563 -4256 -4401 -4755 -4528 -4497 -4528 -4494 -4561 -4635 -4569 -4513 -4576 -4555 -4593 -4529 -4613 -4475 -4487 -4338 -4412 -4456 -4529 -4486 -4385 -4587 -4672 -4497 -4483 -4421 -4527 -4497 -4475 -4465 -4359 -4292 -4213 -4238 -4277 -4418 -4466 -4291 -4364 -4354 -4318 -4290 -4446 -4251 -4393 -4413 -4620 -4535 -4601 -4578 -4710 -4792 -4683
-4858 -4973 -4892 -4807 -4696 -4746 -4667 -4800 -4832 -4668 -4647 -4733 -4597 -4642 -4713 -4563 -4482 -4643 -4447 -4433 -4584 -4415 -4518 -4592 -4619 -4661 -4675 -4683 -4372 -3923 -4257 -4690 -4592 -4492 -4467 -4439 -4627 -4626 -4609 -4585 -4487 -4563 -4665 -4331 -4520 -4042 -4334 -4362 -4470 -4501 -4658 -4620 -4579 -4699 -4704 -4579 -4727 -4594 -4592 -4647 -4488 -4526 -4508 -4572 -4509 -4318 -4194 -4378 -4428 -4292 -4176 -4266 -4241 -4217 -4318 -4236 -4412 -4497 -4518 -4629 -4634 -4462 -4546 -4513 -4513
-4911 -5033 -4882 -4750 -4746 -4722 -4563 -4565 -4629 -4555 -4624 -4796 -4690 -4629 -4824 -4560 -4499 -4602 -4602 -4455 -4556 -4430 -4334 -4532 -4749 -4804 -4642 -4801 -4636 -4366 -4642 -4784 -4590 -4507 -4617 -4459 -4605 -4651 -4651 -4603 -4563 -4563 -4595 -4553 -4642 -4341 -4172 -4250 -4314 -4454 -4709 -4792 -4793 -4555 -4334 -4398 -4639 -4667 -4561 -4593 -4473 -4403 -4418 -4550 -4542 -4479 -4312 -4380 -4371 -4313 -4190 -4162 -4100 -4157 -4214 -4249 -4286 -4284 -4414 -4530 -4561 -4514 -4505 -4371 -4359
-4979 -4901 -4868 -4792 -4749 -4737 -4688 -4607 -4606 -4738 -4747 -4629 -4557 -4610 -4672 -4663 -4524 -4443 -4652 -4471 -4416 -4616 -4544 -4718 -4907 -4683 -4734 -4759 -4656 -4558 -4663 -4673 -4622 -4614 -4748 -4498 -4501 -4575 -4595 -4585 -4554 -4567 -4617 -4622 -4602 -4620 -4656 -4604 -4343 -4428 -4353 -4145 -4294 -4032 -3911 -4066 -4266 -4493 -4527 -4448 -4371 -4287 -4294 -4466 -4371 -4473 -4442 -4194 -4154 -4404 -4417 -4222 -4125 -3970 -4110 -4226 -4296 -4306 -4386 -4402 -4400 -4530 -4522 -4237 -4262
-4864 -4855 -4776 -4768 -4713 -4659 -4951 -4577 -4385 -4501 -4631 -4503 -4464 -4521 -4619 -4820 -4905 -4590 -4689 -4728 -4590 -4821 -4687 -4704 -4617 -4532 -4612 -4683 -4589 -4589 -4571 -4504 -4664 -4828 -4819 -4628 -4589 -4540 -4555 -4583 -4597 -4587 -4667 -4686 -4619 -4555 -4621 -4653 -4576 -4615 -4531 -4308 -4239 -4063 -4253 -4377 -4249 -4533 -4465 -4270 -4348 -4226 -4138 -4230 -4204 -4335 -4436 -4230 -4213 -4326 -4181 -4202 -4185 -4071 -4081 -4217 -4312 -4252 -4283 -4280 -4290 -4511 -4625 -4434 -4152
-4765 -4662 -4644 -4684 -4669 -4719 -4660 -4806 -4925 -4822 -4830 -4986 -5018 -4977 -4926 -4941 -4892 -4713 -4593 -4651 -4625 -4613 -4676 -4581 -4455 -4232 -4460 -4413 -4307 -4426 -4486 -4599 -4680 -4852 -4905 -4646 -4600 -4588 -4527 -4561 -4708 -4604 -4544 -4577 -4602 -4592 -4569 -4613 -4601 -4491 -4581 -4732 -4862 -4842 -4752 -4609 -4373 -4371 -4186 -4274 -4232 -4075 -4307 -4366 -4451 -4414 -4430 -4271 -4221 -4416 -4360 -4296 -4181 -3851 -3969 -4123 -4266 -4172 -4086 -4183 -4385 -4446 -4505 -4536 -4340
-4955 -4889 -4952 -5026 -4912 -4945 -5095 -5135 -5274 -5055 -5014 -5171 -5081 -4993 -4884 -4811 -4770 -4600 -4416 -4569 -4527 -4281 -4406 -4296 -4153 -4262 -4249 -4218 -4332 -4478 -4534 -4636 -4659 -4786 -4837 -4851 -4709 -4667 -4567 -4542 -4709 -4715 -4681 -4686 -4629 -4560 -4576 -4643 -4632 -4502 -4504 -4727 -4804 -4764 -4600 -4578 -4352 -4214 -4122 -4365 -4397 -4252 -4474 -4389 -4436 -4499 -4443 -4449 -4260 -4387 -4478 -4310 -4321 -3662 -3316 -4025 -4343 -4114 -4155 -4244 -4301 -4410 -4431 -4532 -4494
-5075 -5141 -5253 -5159 -5030 -5108 -4958 -4988 -4955 -4794 -4806 -4878 -4883 -4991 -4823 -4776 -4784 -4678 -4459 -4640 -4700 -4628 -4490 -4505 -4697 -4751 -4568 -4430 -4558 -4501 -4606 -4663 -4432 -4620 -4802 -4857 -4808 -4555 -4545 -4494 -4633 -4656 -4654 -4717 -4648 -4689 -4750 -4727 -4595 -4600 -4498 -4636 -4716 -4580 -4469 -4454 -4240 -4266 -4361 -4320 -4456 -4121 -4273 -4286 -4254 -4444 -4458 -4554 -4448 -4276 -4323 -4342 -4203 -3615 -3437 -3954 -4318 -4300 -4135 -4100 -4337 -4347 -4444 -4482 -4440
-4970 -5056 -4991 -4919 -4849 -4942 -4895 -4782 -4916 -4943 -4794 -4932 -5148 -5287 -5132 -4902 -4978 -5268 -4419 -4699 -4721 -4965 -4755 -4234 -4609 -4702 -4678 -4658 -4638 -4541 -4471 -4594 -4734 -4526 -4632 -4754 -4800 -4858 -4769 -4553 -4564 -4543 -4601 -4632 -4646 -4733 -4764 -4763 -4579 -4722 -4657 -4539 -4602 -4677 -4670 -4456 -4189 -4238 -4502 -4529 -4669 -4064 -3653 -4124 -4299 -4444 -4570 -4272 -3748 -3823 -4391 -4402 -4295 -4302 -4241 -3964 -4124 -4465 -4336 -4323 -4456 -4377 -4562 -4508 -4436
-4766 -4814 -4793 -4787 -4850 -4847 -4577 -4286 -4931 -5081 -5037 -5002 -5005 -5005 -4934 -4814 -4750 -4929 -4548 -4697 -4631 -4762 -4709 -4519 -4715 -4637 -4685 -4728 -4677 -4765 -4539 -4565 -4725 -4750 -4741 -4636 -4841 -5029 -4900 -4711 -4639 -4474 -4658 -4700 -4666 -4539 -4763 -4795 -4630 -4665 -4496 -4470 -4452 -4657 -4709 -4575 -4391 -4367 -4472 -4638 -4650 -4324 -3729 -3934 -4278 -4122 -4076 -3367 -3576 -4329 -4297 -4324 -4336 -4427 -4281 -3990 -4129 -4302 -4336 -4526 -4434 -4347 -4485 -4393 -4450
-4891 -4950 -4748 -4601 -4561 -4606 -4649 -4074 -4209 -4521 -4896 -4593 -4458 -4563 -4698 -4631 -4574 -4789 -4635 -4783 -4655 -4332 -4681 -4617 -4741 -4754 -4722 -4745 -4743 -4829 -4809 -4528 -4641 -4694 -4804 -4808 -4847 -4896 -4911 -5017 -4845 -4475 -4679 -4714 -4627 -4619 -4657 -4737 -4696 -4717 -4605 -4594 -4458 -4504 -4720 -4631 -4390 -4347 -4511 -4510 -4647 -4683 -4204 -4027 -3869 -3418 -3706 -4007 -4038 -4359 -4223 -4416 -4327 -4264 -4225 -4210 -4322 -4195 -4326 -4500 -4368 -3977 -4120 -4231 -4331
-5020 -4911 -4733 -4626 -4467 -4585 -4884 -4609 -4372 -4327 -4523 -4514 -4707 -4742 -4784 -4626 -4578 -4916 -4721 -4710 -4660 -4418 -4407 -4655 -4611 -4760 -4798 -4694 -4701 -4683 -4140 -4539 -4523 -4522 -4727 -4853 -4835 -4796 -4807 -5067 -5053 -4655 -4622 -4490 -4657 -4673 -4614 -4683 -4699 -4742 -4631 -4570 -4499 -4513 -4563 -4632 -4630 -4525 -4514 -3941 -4570 -4657 -4591 -4460 -4048 -3647 -4204 -4244 -4093 -4273 -4289 -4121 -4304 -4248 -4125 -4192 -4309 -4310 -4355 -4221 -4193 -4039 -4198 -4235 -4230
-4802 -4776 -4899 -4660 -4721 -4671 -4688 -4775 -4698 -4623 -4628 -4717 -4736 -4744 -4733 -4690 -4672 -4694 -4634 -4696 -4640 -4674 -4656 -4682 -4625 -4662 -4729 -4882 -4688 -4921 -4460 -4596 -4598 -4506 -4580 -4764 -4829 -4786 -4707 -4763 -5010 -4996 -4776 -4587 -4589 -4550 -4571 -4688 -4688 -4660 -4678 -4646 -4529 -4418 -4562 -4653 -4628 -4563 -4452 -4398 -4660 -4555 -4311 -4253 -3758 -3984 -4204 -4184 -4072 -4107 -4113 -3972 -4267 -4346 -4309 -4347 -4244 -4198 -4161 -4136 -4264 -4120 -4081 -4172 -4066
-4678 -4695 -4762 -4684 -4822 -4760 -4630 -4716 -4721 -4832 -4741 -4751 -4735 -4709 -4657 -4754 -4844 -4655 -4596 -4622 -4572 -4651 -4564 -4680 -4658 -4704 -4783 -4925 -4768 -4702 -4862 -4934 -4753 -4512 -4437 -4610 -4835 -4960 -4749 -4742 -4912 -4997 -4936 -4752 -4626 -4498 -4432 -4502 -4596 -4640 -4769 -4701 -4574 -4533 -4610 -4596 -4609 -4588 -4496 -4564 -4760 -4219 -3723 -3682 -2839 -3721 -4199 -3908 -3862 -3863 -3857 -3936 -4120 -4240 -4168 -4190 -4114 -4216 -4210 -4322 -4418 -4188 -4128 -4282 -4381
-4675 -4675 -4632 -4563 -4678 -4681 -4465 -4586 -4736 -4743 -4712 -4623 -4809 -4883 -4657 -4634 -4834 -4702 -4643 -4738 -4644 -4651 -4625 -4689 -4719 -4693 -4702 -4853 -4843 -4478 -4629 -4889 -4946 -4686 -4502 -4461 -4596 -4886 -4677 -4796 -4802 -4901 -4919 -4880 -4780 -4667 -4537 -4399 -4411 -4613 -4648 -4627 -4571 -4559 -4621 -4542 -4533 -4496 -4521 -4636 -4679 -3986 -3942 -3476 -3372 -4427 -4214 -3985 -3984 -3967 -4201 -4113 -3926 -3804 -4282 -4277 -4258 -4227 -4221 -4341 -4333 -4122 -4230 -4426 -4374
-4653 -4750 -4687 -4675 -4703 -4634 -4508 -4642 -4784 -4718 -4708 -4735 -4897 -4802 -4647 -4643 -4739 -4777 -4811 -4846 -4738 -4726 -4714 -4740 -4740 -4714 -4693 -4808 -4884 -4697 -4732 -4841 -4914 -4827 -4656 -4595 -4695 -4725 -4768 -4834 -4780 -4716 -4851 -4923 -4808 -4787 -4649 -4501 -4534 -4631 -4515 -4613 -4643 -4627 -4547 -4514 -4453 -4443 -4553 -4501 -4275 -3968 -4361 -4339 -4395 -4328 -4266 -4140 -4119 -3943 -4150 -4230 -3952 -4037 -4028 -4197 -4400 -4187 -4201 -4252 -4425 -4406 -4520 -4554 -4363
-4735 -4704 -4688 -4723 -4770 -4779 -4722 -4789 -4799 -4755 -4759 -4729 -4738 -4721 -4721 -4821 -4841 -4790 -4766 -4812 -4763 -4762 -4819 -4775 -4841 -4821 -4791 -4804 -4836 -4882 -4831 -4730 -4857 -4856 -4855 -4808 -4625 -4572 -4757 -4829 -4713 -4702 -4822 -4812 -4787 -4863 -4792 -4709 -4626 -4484 -4395 -4554 -4639 -4566 -4573 -4547 -4484 -4500 -4535 -4451 -4406 -4324 -4412 -4020 -3647 -3284 -3678 -4287 -4371 -4249 -3762 -4183 -4201 -4275 -4229 -4172 -4470 -4430 -4382 -4311 -4124 -3969 -4008 -4360 -4391
-4869 -4723 -4696 -4803 -4773 -4783 -4670 -4806 -4592 -4623 -4770 -4677 -4672 -4845 -4788 -4786 -4749 -4786 -4761 -4859 -4823 -4826 -4766 -4723 -4798 -4863 -4750 -4818 -5033 -5020 -4798 -4704 -4758 -4850 -4926 -4837 -4497 -4362 -4455 -4413 -4580 -4698 -4717 -4679 -4708 -4673 -4786 -4860 -4818 -4653 -4449 -4454 -4587 -4533 -4611 -4557 -4487 -4496 -4473 -4419 -4323 -4471 -4392 -3844 -3396 -3258 -4127 -4534 -4330 -4220 -4133 -4069 -4335 -4422 -4277 -4267 -4474 -4444 -4121 -3785 -3947 -3818 -3994 -4029 -3689
-4884 -4819 -4766 -4863 -4803 -4850 -4813 -4878 -4753 -4625 -4726 -4734 -4812 -4786 -4801 -4735 -4769 -4896 -4820 -4890 -4826 -4905 -4926 -4644 -4648 -4909 -4839 -4828 -5053 -4938 -4816 -4726 -4731 -4819 -4761 -4780 -4391 -4145 -4168 -4091 -4198 -4448 -4642 -4609 -4600 -4667 -4740 -4819 -4837 -4881 -4449 -4395 -4549 -4562 -4586 -4517 -4483 -4463 -4474 -4433 -4340 -4326 -4387 -4397 -4303 -4402 -4669 -4385 -3274 -3256 -3297 -4032 -4379 -4331 -4224 -4418 -4394 -4408 -4451 -4616 -4692 -4406 -4645 -4453 -4544
-4867 -4876 -4817 -4859 -4816 -4807 -4823 -4849 -4848 -4859 -4804 -4804 -4845 -4750 -4653 -4783 -4896 -4900 -4876 -4929 -4950 -4823 -4810 -4710 -4730 -4829 -4912 -5079 -5014 -4851 -5009 -4939 -4742 -4700 -4744 -4783 -4470 -4002 -3739 -4029 -4097 -4273 -4555 -4566 -4489 -4573 -4633 -4727 -4762 -4931 -4950 -4469 -4424 -4456 -4567 -4550 -4542 -4513 -4486 -4431 -4378 -4369 -4350 -4424 -4057 -4223 -4317 -3194 -2763 -1792 -3204 -4037 -4274 -4316 -4268 -4410 -4275 -4388 -4375 -4513 -4521 -4343 -4521 -4424 -4280
-4858 -4831 -4934 -4850 -4819 -4884 -4959 -4878 -4931 -4857 -4873 -4861 -4936 -4846 -4814 -4857 -4965 -4932 -4839 -4899 -4980 -4764 -4684 -4798 -4605 -3040 -3549 -4907 -4980 -4794 -4946 -4941 -4823 -4726 -4731 -4765 -4710 -4621 -4316 -4524 -4544 -4548 -4685 -4695 -4584 -4570 -4655 -4592 -4700 -4667 -4850 -4785 -4617 -4521 -4501 -4461 -4545 -4507 -4522 -4319 -4421 -4463 -4367 -4098 -4101 -4198 -3757 -2911 -3227 -3810 -4534 -4481 -4242 -4176 -4288 -4478 -4186 -3862 -3901 -3905 -3946 -4033 -4347 -4201 -4432
-4847 -4897 -4926 -4948 -4864 -4848 -4886 -4919 -4971 -4848 -4913 -4960 -4639 -4617 -4918 -4882 -4950 -4958 -4949 -4848 -4848 -4838 -4687 -4707 -4091 -2044 -2388 -4544 -4923 -4871 -4806 -4846 -4814 -4700 -4762 -4753 -4862 -4884 -4631 -4555 -4592 -4523 -4532 -4672 -4692 -4572 -4607 -4638 -4621 -4600 -4726 -5034 -5020 -4630 -4492 -4468 -4540 -4584 -4569 -4442 -4392 -4442 -4405 -4178 -4297 -4425 -4366 -4367 -4563 -4467 -4524 -4544 -4434 -4057 -4133 -4290 -2940 -1914 -3428 -4441 -4307 -4239 -4328 -4472 -4545
-4824 -4713 -4968 -5030 -4949 -4898 -4915 -4916 -4990 -4888 -4904 -4986 -4846 -4902 -4987 -4957 -4997 -4952 -4930 -4898 -4858 -4633 -4344 -4350 -4353 -3988 -4397 -4840 -4995 -4902 -4865 -4833 -4864 -4781 -4797 -4731 -4825 -4979 -4840 -4594 -4472 -4465 -4447 -4584 -4623 -4591 -4578 -4625 -4628 -4616 -4558 -4769 -4928 -4716 -4597 -4505 -4490 -4500 -4488 -4446 -4371 -4409 -4469 -4509 -4432 -4393 -4400 -4545 -4565 -4446 -4400 -4417 -4470 -4266 -4300 -4371 -3467 -3151 -3996 -4673 -4488 -4394 -4454 -4473 -4458
-4881 -4911 -5003 -4895 -4915 -4937 -5022 -5041 -4984 -4889 -4794 -4877 -4882 -4885 -4863 -4868 -4912 -4829 -4802 -4728 -4703 -4552 -4382 -3935 -4365 -4677 -4703 -4710 -4863 -4742 -4807 -4886 -4946 -4927 -4886 -4903 -4859 -4915 -4966 -4777 -4588 -4614 -4543 -4710 -4808 -4674 -4555 -4729 -4690 -4606 -4633 -4495 -4656 -4880 -4560 -4588 -4467 -4447 -4478 -4387 -4247 -4261 -4461 -4465 -4279 -4279 -4403 -4454 -4431 -4401 -4480 -4484 -4402 -4338 -4347 -4415 -4351 -4417 -4443 -4519 -4487 -4534 -4455 -4457 -4447
-4943 -4995 -4982 -4822 -4908 -4857 -4850 -5025 -5041 -4918 -4842 -4889 -4868 -4800 -4770 -4796 -4871 -4849 -4770 -4527 -4558 -4458 -4573 -4549 -4682 -4596 -4378 -4915 -4766 -4746 -4793 -4778 -4868 -4849 -4891 -4931 -4809 -4750 -4933 -4897 -4756 -4525 -4495 -4683 -4898 -4732 -4655 -4698 -4626 -4669 -4774 -4651 -4586 -4682 -4808 -4668 -4481 -4437 -4572 -4491 -4383 -4311 -4443 -4320 -4374 -4267 -4317 -4432 -4386 -4272 -4422 -4512 -4322 -4435 -4448 -4448 -4435 -4367 -4345 -4371 -4482 -4383 -4396 -4387 -4334
-4961 -4953 -5000 -4923 -4896 -4906 -4854 -4939 -4903 -4834 -4842 -4489 -4801 -4796 -4737 -4753 -4823 -4910 -4768 -4384 -4555 -4473 -4473 -4636 -4799 -4793 -4773 -4825 -4739 -4810 -4879 -4808 -4835 -4681 -4877 -4939 -4821 -4740 -4864 -4886 -4804 -4737 -4694 -4699 -4727 -4720 -4784 -4738 -4563 -4610 -4687 -4752 -4697 -4719 -4798 -4748 -4531 -4383 -4564 -4420 -4378 -4303 -4279 -4255 -4427 -4291 -4370 -4498 -4477 -4378 -4496 -4404 -4246 -4431 -4459 -4464 -4345 -4383 -4259 -4447 -4456 -4438 -4406 -4364 -4441
-4921 -5035 -5026 -4932 -4892 -4925 -4871 -4906 -4874 -4832 -4749 -4681 -4631 -4625 -4526 -4686 -4624 -4613 -4640 -4531 -4600 -4570 -4580 -4714 -4818 -4739 -4742 -4770 -4728 -4781 -4849 -4781 -4870 -4917 -4948 -4808 -4706 -4672 -4741 -4762 -4822 -4912 -4615 -4717 -4801 -4745 -4947 -4885 -4757 -4670 -4662 -4716 -4693 -4627 -4610 -4688 -4653 -4547 -4455 -4220 -4272 -4271 -4356 -4244 -4363 -4362 -4414 -4382 -4417 -4495 -4529 -4412 -4287 -4360 -4426 -4336 -4329 -4426 -4496 -4410 -4342 -4432 -4467 -4330 -4364
-5082 -5104 -5066 -4850 -4787 -4971 -4875 -4857 -4823 -4680 -4573 -4604 -4537 -4583 -4619 -4686 -4494 -4272 -4665 -4637 -4539 -4663 -4738 -4768 -4690 -4766 -4781 -4785 -4852 -4852 -4824 -4783 -4724 -4763 -4912 -4757 -4775 -4760 -4683 -4730 -4852 -4893 -4828 -4777 -4821 -4745 -4857 -4808 -4868 -4830 -4644 -4701 -4788 -4778 -4711 -4711 -4663 -4495 -4547 -4443 -4341 -4235 -4473 -4538 -4502 -4463 -4415 -4352 -4426 -4394 -4458 -4479 -4350 -4357 -4429 -4443 -4571 -4511 -4516 -4480 -4462 -4446 -4480 -4416 -4560
-4921 -4842 -5189 -4964 -4854 -4954 -4904 -4783 -4717 -4772 -4633 -4535 -4401 -4432 -4590 -4573 -4484 -4395 -4656 -4294 -4142 -4602 -4727 -4520 -4403 -4725 -4760 -4681 -4711 -4699 -4738 -4847 -4780 -4675 -4766 -4707 -4820 -4868 -4722 -4747 -4861 -4865 -4925 -4785 -4744 -4715 -4705 -4735 -4699 -4854 -4803 -4750 -4709 -4780 -4664 -4645 -4710 -4592 -4445 -4592 -4493 -4307 -4420 -4533 -4492 -4508 -4542 -4497 -4510 -4478 -4489 -4485 -4463 -4463 -4467 -4424 -4494 -4543 -4556 -4455 -4494 -4491 -4528 -4501 -4558
-5121 -4928 -5142 -5006 -4808 -4934 -4925 -4912 -4894 -4883 -4809 -4770 -4722 -4689 -4685 -4592 -4585 -4437 -4562 -4453 -4439 -4130 -4448 -4362 -4381 -4652 -4694 -4754 -4791 -4701 -4635 -4827 -4923 -4834 -4794 -4832 -4782 -4852 -4770 -4789 -4822 -4885 -4821 -4783 -4726 -4653 -4634 -4833 -4665 -4830 -4835 -4735 -4706 -4741 -4676 -4762 -4741 -4691 -4814 -4870 -4747 -4373 -4363 -4384 -4447 -4476 -4484 -4486 -4466 -4400 -4393 -4479 -4451 -4493 -4526 -4493 -4471 -4570 -4563 -4457 -4519 -4477 -4531 -4581 -4556
-5246 -5105 -5153 -5082 -4923 -4707 -4674 -4476 -4402 -4416 -4585 -4519 -4511 -4784 -4578 -4199 -4648 -4724 -4786 -4790 -4781 -4605 -4525 -4463 -4481 -4639 -4736 -4785 -4785 -4627 -4546 -4746 -4911 -4848 -4772 -4998 -4932 -4787 -4790 -4751 -4813 -4941 -4855 -4903 -4757 -4684 -4638 -4782 -4738 -4852 -4857 -4738 -4764 -4754 -4779 -4714 -4577 -4682 -4830 -4879 -4704 -4430 -4490 -4548 -4487 -4547 -4607 -4579 -4490 -4513 -4461 -4474 -4458 -4508 -4571 -4510 -4563 -4515 -4623 -4458 -4525 -4541 -4562 -4590 -4514
-5051 -4940 -5030 -4959 -4986 -5028 -4747 -4523 -4397 -4519 -4790 -4671 -4510 -4698 -4576 -4442 -4766 -4891 -4870 -4868 -4669 -4657 -4665 -4631 -4665 -4837 -4705 -4758 -4732 -4621 -4646 -4729 -4868 -4921 -4815 -5091 -4986 -4749 -4783 -4823 -4780 -4910 -4884 -4885 -4471 -4265 -4753 -4694 -4782 -4875 -4890 -4822 -4836 -4656 -4720 -4655 -4646 -4722 -4799 -4830 -4761 -4551 -4436 -4491 -4454 -4458 -4518 -4636 -4641 -4624 -4634 -4577 -4472 -4477 -4549 -4486 -4538 -4544 -4588 -4596 -4572 -4539 -4513 -4567 -4591
-5052 -5003 -4965 -4980 -5019 -5070 -5160 -5102 -5121 -5048 -4960 -5042 -4975 -4912 -4891 -4969 -4957 -4687 -4890 -4908 -4686 -4664 -4728 -4540 -4227 -4894 -4871 -4834 -4793 -4489 -4396 -4712 -4883 -4844 -4735 -4919 -4831 -4761 -4798 -4771 -4849 -4867 -4881 -4878 -4788 -4656 -4988 -4851 -4740 -4873 -4867 -4812 -4794 -4650 -4596 -4711 -4709 -4710 -4808 -4766 -4973 -4560 -4496 -4549 -4504 -4506 -4513 -4631 -4700 -4702 -4690 -4678 -4581 -4512 -4575 -4495 -4510 -4599 -4582 -4623 -4556 -4546 -4467 -4569 -4606
-5012 -4902 -4851 -4977 -5040 -4970 -5079 -4915 -4995 -4985 -4781 -4997 -4969 -4976 -4980 -4891 -4342 -4806 -4907 -4836 -4833 -4817 -4848 -4897 -4511 -4887 -4923 -4898 -4827 -4459 -4037 -4025 -4550 -4940 -4940 -4896 -4862 -4814 -4781 -4886 -4826 -4825 -4855 -4858 -4916 -4910 -4895 -4753 -4700 -4722 -4664 -4735 -4768 -4751 -4689 -4691 -4709 -4737 -4696 -4692 -4909 -4755 -4727 -4821 -4615 -4544 -4628 -4534 -4693 -4694 -4710 -4649 -4559 -4511 -4552 -4603 -4450 -4561 -4528 -4614 -4562 -4537 -4437 -4459 -4570
