Challenge_3/RasterMaps/North_America.asc
NCOLS        1093
NROWS        534
XLLCENTER    -140.275000000000
YLLCENTER    18.141666666667
CELLSIZE     0.08333333333334
NODATA_VALUE -9999
[rows 266 to 303 of 534, columns 425 to 509 of 1093]
1506 1478 1420 1406 1403 1437 1424 1413 1433 1382 1377 1441 1373 1429 1393 1355 1307 1246 1253 1283 1291 1370 1350 1339 1298 1270 1237 1211 1188 1168 1154 1149 1120 1106 1081 1067 1043 1025 1010 1003 952 931 909 929 877 920 907 869 875 840 817 818 817 818 809 762 751 739 714 726 732 701 727 710 738 726 706 696 681 676 671 662 654 632 617 597 580 575 545 535 548 540 527 524 517
1446 1438 1429 1471 1410 1407 1383 1374 1364 1341 1355 1327 1381 1343 1324 1281 1268 1307 1333 1309 1361 1346 1334 1311 1283 1252 1216 1198 1184 1180 1165 1150 1120 1107 1086 1069 1055 1036 1012 999 1021 998 985 964 916 874 858 872 847 855 837 775 805 792 764 764 728 718 705 697 696 679 685 696 701 714 698 697 689 678 657 660 642 634 620 604 599 595 580 565 539 530 525 516 506
1453 1477 1490 1476 1437 1474 1428 1410 1398 1382 1373 1342 1329 1312 1299 1305 1332 1349 1372 1379 1389 1372 1338 1310 1278 1255 1235 1213 1190 1176 1158 1134 1126 1102 1088 1072 1055 1039 1029 999 997 972 971 964 931 900 880 845 817 803 809 805 752 748 725 708 704 713 705 704 689 673 636 651 666 672 691 670 685 669 665 647 640 629 623 616 593 595 595 565 564 535 519 488 503
1477 1516 1491 1478 1494 1449 1434 1441 1420 1404 1398 1369 1362 1351 1355 1308 1370 1346 1375 1433 1409 1364 1335 1312 1289 1268 1238 1218 1200 1175 1160 1138 1121 1105 1084 1066 1045 1035 1016 998 953 963 914 884 875 841 818 830 841 826 796 763 792 779 776 755 762 756 726 716 691 670 647 668 615 645 653 648 632 640 636 638 608 591 581 586 576 558 555 560 563 548 542 520 506
1508 1535 1505 1511 1519 1475 1466 1476 1471 1453 1425 1434 1401 1353 1363 1332 1347 1392 1407 1441 1398 1388 1345 1335 1300 1276 1247 1228 1204 1178 1152 1093 1076 1047 1057 1043 1019 998 990 976 941 892 907 895 906 908 899 867 813 840 838 848 828 797 782 763 721 730 725 722 703 683 636 659 652 631 595 612 593 587 566 554 549 540 532 527 522 513 519 522 520 525 541 532 498
1524 1567 1545 1550 1543 1519 1512 1496 1521 1460 1443 1476 1446 1397 1390 1365 1363 1402 1448 1451 1423 1386 1362 1337 1313 1288 1265 1243 1215 1178 1192 1161 1159 1108 1017 1028 1021 1004 1011 972 948 990 933 958 927 934 909 885 896 886 861 809 788 796 801 770 749 718 699 709 717 708 697 682 639 614 613 637 631 620 614 640 634 594 576 588 588 568 549 540 520 482 472 465 496
1542 1565 1618 1606 1603 1565 1565 1562 1514 1480 1471 1496 1499 1464 1417 1391 1401 1423 1464 1469 1427 1398 1374 1350 1334 1304 1279 1255 1232 1205 1191 1160 1139 1054 1110 1067 1032 995 956 998 976 1022 1000 992 974 927 927 906 860 829 799 837 818 798 759 784 764 762 748 748 727 702 669 646 675 677 682 653 643 611 626 615 592 605 608 582 567 572 539 524 517 495 500 473 453
1603 1620 1634 1636 1635 1618 1595 1584 1526 1515 1504 1553 1485 1472 1446 1431 1430 1459 1499 1483 1456 1413 1387 1361 1341 1312 1291 1271 1245 1222 1174 1112 1141 1146 1134 1118 1066 990 1026 1056 1051 1037 1006 968 948 900 878 881 887 877 865 838 792 814 820 801 796 766 746 716 687 691 712 681 653 639 634 604 596 583 587 576 548 567 593 572 585 573 540 546 544 544 476 477 455
1635 1664 1709 1683 1695 1677 1635 1585 1566 1546 1529 1566 1480 1492 1443 1459 1477 1499 1496 1501 1472 1443 1404 1377 1346 1323 1299 1263 1224 1205 1196 1208 1184 1144 1132 1092 1017 1046 1073 1073 1060 1038 993 960 964 938 944 938 903 881 832 805 842 822 795 782 749 754 748 748 733 716 684 659 644 632 581 571 559 557 537 539 516 534 553 519 541 521 528 533 510 521 455 449 446
1713 1719 1750 1780 1776 1716 1685 1648 1608 1574 1608 1575 1558 1502 1496 1535 1528 1548 1545 1510 1481 1444 1426 1380 1347 1329 1303 1279 1259 1252 1228 1202 1158 1115 1066 1077 1099 1096 1069 1065 1053 1034 1023 963 983 955 952 919 895 880 876 855 835 805 779 795 786 755 749 730 695 665 646 611 592 576 553 543 536 514 513 504 494 517 536 549 518 534 477 527 488 462 449 444 460
1759 1804 1863 1836 1843 1779 1738 1653 1687 1618 1617 1616 1585 1512 1550 1604 1623 1593 1563 1527 1486 1443 1441 1412 1368 1339 1313 1284 1254 1239 1167 1174 1149 1124 1134 1145 1115 1092 1081 1073 1045 1012 1032 1010 995 960 948 945 894 900 876 846 851 837 824 784 751 749 730 725 707 703 692 673 641 622 602 569 567 571 561 544 526 475 496 504 468 486 455 472 478 461 462 453 448
1913 1793 1916 1913 1905 1850 1797 1731 1771 1683 1658 1677 1634 1570 1612 1677 1640 1611 1575 1539 1499 1475 1440 1414 1392 1351 1323 1298 1231 1246 1232 1217 1201 1188 1176 1150 1140 1120 1089 1055 1068 1047 1035 1001 1003 977 944 942 924 893 900 877 839 823 829 818 804 782 758 754 740 707 684 688 648 633 617 599 581 564 556 538 535 530 507 459 450 450 445 445 445 447 458 476 476
1976 1850 1972 1937 1934 1924 1873 1774 1838 1745 1729 1679 1689 1689 1743 1696 1664 1625 1586 1551 1528 1495 1463 1427 1410 1376 1316 1295 1298 1281 1250 1230 1221 1202 1186 1157 1128 1119 1102 1089 1068 1051 1039 1014 983 977 954 953 930 908 909 880 866 842 824 809 785 762 751 716 696 683 638 624 610 585 557 554 557 559 543 547 521 500 478 466 458 472 463 465 449 438 414 429 450
2010 2010 2030 2020 2032 2010 1894 1824 1862 1823 1729 1717 1719 1722 1678 1731 1684 1652 1616 1583 1538 1509 1478 1414 1408 1387 1346 1334 1314 1271 1283 1260 1241 1209 1181 1172 1142 1135 1117 1095 1077 1052 1034 1019 1005 990 966 956 937 913 893 870 843 830 803 777 765 736 714 700 665 667 652 626 624 605 615 605 605 595 594 553 559 528 522 516 508 492 499 453 464 460 457 449 403
2170 2091 2097 2075 2046 2025 1852 1888 1824 1823 1771 1789 1719 1690 1632 1641 1646 1672 1642 1596 1568 1517 1495 1458 1438 1404 1360 1356 1320 1317 1289 1274 1255 1227 1205 1184 1163 1137 1126 1097 1084 1067 1042 1019 1008 986 965 948 930 915 896 880 871 848 839 812 808 793 772 750 739 724 714 701 674 663 662 645 642 626 614 610 579 599 567 579 522 510 499 448 441 414 448 452 457
2152 2183 2179 2155 2164 1981 1945 1918 1913 1848 1786 1771 1795 1735 1683 1600 1567 1567 1563 1568 1532 1547 1507 1481 1448 1409 1402 1372 1368 1315 1316 1275 1262 1227 1205 1175 1166 1138 1099 1070 1065 1040 1025 1019 998 979 959 945 932 900 883 857 852 819 800 795 781 769 741 740 723 711 687 657 674 653 644 642 638 633 606 553 594 519 524 516 513 485 463 475 468 419 406 402 400
2150 2280 2265 2234 2236 2127 1977 1919 1916 1971 1902 1837 1779 1713 1670 1630 1611 1520 1521 1576 1612 1566 1530 1493 1456 1443 1419 1380 1344 1323 1288 1271 1252 1234 1198 1180 1147 1103 1074 1051 1053 1008 1026 1010 989 975 960 947 923 900 897 874 864 843 837 820 801 766 749 742 709 694 687 679 632 602 616 591 583 553 560 567 519 523 518 473 478 500 487 435 448 484 478 447 431
2055 2114 2265 2208 2084 2021 2014 2072 1991 1919 1862 1812 1754 1698 1646 1609 1584 1519 1473 1493 1500 1513 1485 1453 1434 1417 1406 1391 1375 1346 1324 1276 1252 1230 1200 1163 1112 1112 1079 1065 1005 990 946 972 983 953 962 942 909 884 872 843 837 830 829 817 785 777 760 741 738 732 699 695 698 674 674 661 655 598 570 542 536 497 513 525 480 442 440 459 429 414 405 402 395
1974 2038 2063 2062 1998 1937 1910 1969 1971 1886 1806 1747 1720 1666 1620 1582 1545 1533 1492 1435 1442 1453 1420 1390 1387 1350 1338 1360 1378 1334 1304 1265 1245 1199 1157 1137 1096 1075 1038 1018 983 957 928 909 901 903 897 924 902 893 879 861 854 821 780 760 746 750 751 757 741 703 682 678 664 634 644 661 610 597 572 551 557 545 526 512 470 530 531 524 493 442 444 433 427
1857 1858 1910 1890 1924 1860 1818 1897 1917 1838 1767 1714 1655 1650 1629 1580 1528 1474 1448 1463 1434 1382 1374 1370 1342 1310 1300 1340 1375 1343 1292 1261 1234 1198 1183 1155 1133 1128 1074 1085 1078 1034 1012 966 967 937 866 844 857 861 864 808 813 796 773 767 748 712 715 706 704 684 672 686 668 666 632 607 607 581 572 565 560 564 539 526 524 533 521 542 550 490 509 459 434
2279 1776 1784 1797 1824 1775 1789 1848 1826 1762 1722 1652 1627 1588 1559 1586 1559 1496 1450 1411 1425 1403 1379 1340 1319 1298 1283 1314 1360 1329 1304 1277 1251 1221 1195 1168 1138 1113 1107 1084 1066 1048 1024 1001 977 923 888 846 865 828 794 771 765 748 743 734 735 722 746 694 695 673 710 671 633 618 613 614 599 586 559 573 573 575 569 569 532 521 483 490 500 491 494 446 423
1964 1741 1682 1706 1725 1696 1689 1754 1784 1726 1677 1633 1582 1535 1496 1572 1476 1468 1489 1452 1385 1354 1337 1316 1308 1295 1265 1272 1296 1329 1305 1278 1246 1219 1187 1162 1134 1125 1103 1073 1054 1035 1010 994 979 963 946 918 913 892 853 849 833 820 809 809 799 787 762 766 749 743 728 702 665 644 628 616 614 598 603 596 588 591 575 578 571 564 551 517 475 474 454 484 455
1892 1751 1663 1656 1606 1615 1613 1637 1692 1653 1619 1586 1521 1516 1454 1498 1517 1389 1392 1447 1422 1397 1373 1349 1330 1292 1263 1232 1233 1263 1285 1260 1235 1202 1176 1159 1143 1118 1094 1072 1043 1021 999 982 959 961 940 917 913 901 886 872 856 847 835 790 792 764 751 758 733 717 708 666 646 655 645 646 632 619 617 593 600 581 593 568 574 565 549 550 526 504 486 439 431
1811 1737 1651 1575 1576 1543 1555 1604 1627 1600 1570 1473 1441 1424 1417 1464 1411 1367 1342 1382 1393 1379 1331 1332 1311 1286 1262 1209 1224 1205 1237 1251 1231 1208 1183 1157 1124 1105 1077 1064 1039 1028 1009 988 976 959 939 907 909 901 886 873 855 842 828 801 789 744 717 718 713 681 682 651 650 647 639 634 608 601 613 606 591 557 552 563 547 542 534 537 544 519 516 508 455
1626 1644 1569 1516 1593 1511 1496 1530 1555 1536 1522 1506 1415 1377 1380 1401 1390 1333 1312 1335 1330 1369 1322 1293 1273 1242 1254 1220 1175 1191 1251 1242 1213 1194 1173 1153 1127 1107 1085 1067 1047 1030 992 985 975 949 921 900 903 906 890 877 864 847 838 815 798 780 724 697 680 666 678 667 671 654 655 639 644 634 618 599 581 571 563 555 541 538 524 537 535 529 491 498 486
1560 1546 1511 1474 1491 1469 1455 1434 1495 1475 1480 1425 1381 1373 1343 1363 1369 1339 1297 1313 1306 1317 1336 1316 1226 1202 1195 1204 1152 1171 1201 1249 1206 1178 1169 1145 1120 1104 1085 1067 1043 1029 1005 976 965 933 916 901 908 898 881 884 873 842 835 788 788 751 716 713 690 685 685 690 683 687 684 660 651 624 618 603 577 571 564 550 540 554 529 516 514 519 501 481 488
1575 1505 1478 1432 1424 1406 1373 1369 1401 1432 1440 1384 1352 1335 1319 1311 1330 1300 1288 1263 1311 1306 1285 1307 1236 1186 1193 1177 1147 1140 1149 1171 1173 1143 1168 1141 1121 1097 1076 1060 1037 1024 1006 986 970 936 900 891 890 884 886 874 865 846 836 820 753 731 711 698 704 687 662 666 652 666 652 642 634 618 603 594 591 582 570 561 543 530 518 509 502 495 516 470 469
1675 1585 1531 1479 1487 1445 1418 1421 1372 1329 1374 1329 1326 1302 1309 1315 1268 1256 1252 1265 1248 1241 1274 1231 1201 1190 1169 1135 1132 1126 1135 1107 1118 1106 1132 1129 1119 1100 1077 1055 1031 1015 998 974 955 919 894 883 884 891 883 855 803 809 783 778 750 767 741 748 714 693 665 654 664 644 632 628 621 616 610 603 596 584 575 558 538 537 534 514 499 489 484 505 456
1767 1642 1602 1599 1541 1479 1457 1409 1380 1366 1346 1369 1319 1281 1279 1278 1267 1269 1214 1199 1187 1173 1174 1158 1138 1125 1114 1108 1105 1084 1066 1057 1067 1065 1063 1069 1067 1060 1050 1041 1034 1014 991 966 945 912 896 877 874 892 879 854 815 837 820 802 783 782 745 718 690 674 707 713 690 673 664 651 633 629 618 611 599 585 569 560 550 540 534 522 504 492 479 476 496
1816 1696 1713 1698 1602 1580 1520 1450 1428 1404 1359 1361 1335 1330 1275 1252 1232 1252 1278 1210 1226 1202 1218 1197 1190 1170 1170 1150 1159 1137 1111 1089 1058 1044 1027 1012 998 1008 1010 1015 1010 1012 996 970 921 908 889 876 872 888 878 864 854 846 834 816 800 778 766 757 743 695 708 720 701 678 654 652 644 636 628 614 599 587 578 565 555 546 531 523 506 500 484 471 462
1873 1828 1741 1653 1643 1628 1596 1498 1458 1436 1389 1395 1352 1308 1312 1311 1317 1359 1267 1236 1264 1233 1225 1232 1236 1222 1226 1175 1189 1166 1136 1132 1093 1099 1079 1069 1049 1016 985 971 952 967 986 918 909 909 897 887 877 853 873 878 859 846 837 822 804 787 757 744 710 742 723 702 688 669 670 660 652 642 629 617 600 595 581 569 544 535 528 515 492 493 467 477 466
1854 1766 1831 1787 1830 1754 1728 1575 1541 1446 1438 1381 1359 1341 1355 1368 1385 1312 1273 1289 1260 1291 1252 1253 1244 1294 1227 1235 1240 1234 1187 1157 1117 1114 1080 1050 1068 1066 1053 1026 993 951 934 930 918 915 900 888 877 867 861 848 828 846 843 831 813 799 775 765 751 749 738 705 685 680 675 664 652 639 627 617 609 595 578 571 559 543 516 510 480 476 476 452 456
1837 1818 1785 1782 1804 1856 1782 1664 1558 1506 1512 1472 1403 1457 1432 1385 1348 1287 1367 1333 1315 1330 1301 1307 1299 1340 1281 1311 1288 1232 1216 1170 1166 1126 1086 1057 1025 1005 1016 1001 988 960 941 947 942 922 910 896 883 871 866 860 846 836 821 807 792 770 767 783 760 736 717 703 696 690 681 667 654 644 635 625 611 596 588 573 557 540 533 513 501 497 475 469 436
1933 1842 1806 1855 1970 1803 1694 1700 1606 1627 1517 1498 1504 1514 1437 1405 1393 1331 1361 1376 1363 1348 1359 1373 1429 1393 1359 1332 1297 1267 1238 1199 1166 1137 1094 1068 1038 1013 989 969 955 944 934 954 946 930 927 909 896 885 870 863 849 840 851 846 829 814 794 774 755 731 736 711 707 695 683 674 659 649 642 630 605 589 579 545 533 512 518 499 498 487 480 442 452
1965 1932 1901 1936 1889 1814 1758 1648 1756 1642 1608 1644 1540 1582 1433 1415 1473 1387 1488 1415 1393 1433 1413 1456 1380 1404 1368 1321 1294 1269 1239 1199 1171 1136 1113 1079 1037 1023 998 971 956 944 930 936 937 925 915 910 899 896 882 846 849 853 852 838 822 812 790 767 754 758 748 736 717 710 698 689 670 664 648 635 609 598 586 571 550 536 524 511 503 485 478 439 423
2184 2114 1985 1898 1872 1792 1724 1737 1707 1742 1648 1583 1510 1497 1482 1426 1520 1510 1560 1527 1531 1493 1470 1436 1445 1405 1365 1326 1284 1248 1224 1187 1163 1133 1101 1078 1051 1022 996 977 959 947 934 905 920 927 910 905 895 887 874 860 845 821 818 804 783 787 799 792 793 763 740 746 738 730 708 662 642 620 614 606 606 597 587 570 562 531 516 509 491 474 469 469 447
2383 2219 2068 1899 1841 1815 1783 1710 1661 1648 1616 1550 1522 1590 1637 1671 1685 1609 1624 1576 1554 1565 1519 1496 1448 1402 1362 1314 1281 1257 1225 1186 1167 1137 1101 1084 1051 1027 1001 980 962 960 922 913 906 872 901 905 890 874 869 859 849 838 803 774 768 796 784 771 748 742 728 693 686 668 687 678 629 615 553 563 580 574 541 530 551 540 524 487 485 478 458 421 435
2403 2155 2139 1977 1861 1767 1777 1724 1658 1635 1590 1562 1601 1629 1640 1711 1710 1676 1686 1657 1600 1603 1555 1500 1465 1416 1379 1340 1300 1263 1230 1192 1164 1132 1109 1077 1053 1035 1013 985 972 957 948 932 928 906 855 888 880 873 861 848 840 832 789 760 772 767 778 773 747 693 648 636 651 636 654 658 626 601 610 542 524 487 485 498 532 526 513 491 490 472 452 426 396
