Challenge_3/RasterMaps/North_America.asc
NCOLS        1093
NROWS        534
XLLCENTER    -140.275000000000
YLLCENTER    18.141666666667
CELLSIZE     0.08333333333334
NODATA_VALUE -9999
[rows 418 to 455 of 534, columns 425 to 509 of 1093]
1304 1331 1373 1504 1561 1453 1676 1599 1550 1560 1566 1561 1308 1273 1366 1499 1289 1153 1119 1061 1062 1086 1069 1077 1192 1531 1455 1442 1255 1220 1329 1411 1407 1288 1399 1046 1078 941 858 851 1098 595 448 408 397 354 319 332 334 360 369 304 309 249 246 240 244 212 195 185 168 166 187 166 205 221 175 159 153 143 146 149 159 161 193 197 193 153 120 101 86 71 53 42 32
1302 1308 1480 1630 1585 1514 1464 1452 1452 1440 1425 1860 1441 1263 1372 1484 1296 1224 1210 1121 1096 1154 1084 1077 1224 2074 1662 1580 1386 1214 1294 1523 1618 1529 1073 1365 915 819 745 914 875 573 459 415 415 370 362 314 301 288 287 277 273 249 242 256 224 254 230 214 188 154 137 154 165 185 185 180 181 180 169 192 208 226 221 186 162 132 128 96 77 62 51 38 28
1350 1332 1479 1714 1581 1497 1487 1357 1383 1370 1379 1474 1546 1235 1312 1409 1322 1265 1388 1215 1167 1214 1117 1105 1236 1468 2100 1732 1534 1243 1221 1522 1526 1572 1212 1321 877 782 705 818 615 510 462 439 408 355 323 316 314 289 274 267 259 248 243 228 224 256 258 232 187 188 150 136 131 160 173 207 177 188 205 246 254 237 213 175 148 125 105 94 65 50 42 32 21
1405 1444 1420 1596 1547 1517 1579 1314 1572 1326 1310 1315 1309 1234 1287 1400 1369 1246 1400 1285 1198 1233 1199 1120 1185 1374 1863 2028 1321 1297 1170 1305 1307 1225 1759 1442 1108 764 673 646 931 554 434 403 388 340 318 295 285 267 260 276 250 251 239 237 228 218 225 221 224 195 160 146 125 147 186 164 162 171 209 266 248 215 186 168 155 120 100 82 66 50 35 26 20
1380 1854 1443 1433 1571 1598 1668 1308 1586 1460 1325 1275 1257 1304 1296 1334 1279 1195 1214 1154 1184 1183 1159 1137 1167 1473 1821 2059 1508 1339 1133 1134 1127 1131 1277 1873 1057 989 673 766 557 516 451 376 359 353 311 298 286 279 285 264 244 231 238 234 222 209 215 224 233 185 161 176 129 164 156 156 147 175 225 263 247 209 195 161 137 112 95 79 61 46 36 26 18
1325 1550 1489 1489 1531 1519 1611 1342 1638 2003 1713 1292 1245 1767 1652 1429 1353 1217 1174 1090 1096 1127 1132 1114 1112 1200 1603 1634 1515 1278 1080 1035 1033 1148 1292 1454 1229 1192 631 564 512 493 787 380 404 338 351 338 319 295 320 273 234 218 228 225 219 207 198 202 225 167 147 138 114 144 134 133 146 171 224 273 264 210 180 154 135 112 90 68 55 43 33 26 18
1338 1490 1566 1540 1488 1462 1412 1495 1716 1759 1945 1313 1208 1722 2277 1413 1191 1225 1334 1071 1127 1087 1189 1093 1379 1196 1569 1496 1557 1294 1072 977 972 1537 1931 1571 1417 726 627 536 478 457 445 636 378 464 466 398 357 321 292 351 252 226 215 207 194 206 188 192 167 200 151 131 127 123 126 134 149 166 208 255 245 202 175 144 123 104 91 65 45 37 28 22 13
1358 1396 1505 1607 1516 1456 1369 1711 1797 1553 1625 1260 1185 1360 1411 1285 1123 1065 1100 1100 1090 1055 1087 1132 1220 1736 1622 1938 1652 1296 1061 946 908 1138 1865 1239 1100 778 567 498 459 434 416 402 403 448 1021 531 396 340 307 278 269 260 239 229 203 183 177 183 161 151 141 120 147 103 127 161 139 154 170 233 241 201 167 142 126 109 88 61 41 29 28 21 16
1388 1386 1482 1720 1543 1437 1340 1696 1782 1347 1481 1234 1157 1190 1167 1117 1057 1037 1085 1240 1122 1061 1155 1209 1169 1256 1330 1764 1926 1744 1395 1025 862 904 1585 1369 823 1005 527 498 489 481 458 443 433 1034 539 1065 474 378 648 295 286 284 264 246 226 206 163 185 188 138 122 122 108 99 142 136 144 133 145 185 232 202 152 137 119 99 86 64 46 34 25 19 16
1386 1387 1446 1567 1599 1407 1325 1393 1475 1234 1191 1146 1134 1147 1113 1092 1058 1030 1071 1772 1383 1049 1093 1193 1193 1181 1161 1232 1337 1531 1629 2070 1465 1053 774 698 704 607 874 549 530 542 502 502 473 520 591 665 857 795 398 327 324 675 331 267 221 183 160 154 175 157 141 128 122 105 117 140 129 137 134 160 215 188 158 134 114 93 78 66 54 42 24 19 13
1430 1406 1466 1418 1459 1355 1298 1277 1246 1188 1142 1105 1133 1172 1155 1105 1063 1045 1191 1302 1381 1046 1071 1160 1167 1216 1112 1128 1180 1076 914 797 754 723 705 690 774 998 719 643 596 595 654 614 546 532 578 629 886 673 429 365 347 835 619 348 335 207 192 149 146 131 126 120 141 124 97 120 113 135 138 179 206 194 168 135 107 82 78 82 51 35 21 12 10
1512 1433 1427 1394 1351 1305 1272 1233 1319 1205 1138 1100 1118 1136 1117 1101 1074 1059 1106 1334 1267 1408 1096 1235 1176 1246 1202 1778 1801 1826 1195 1009 771 1372 711 701 1126 988 874 897 917 708 1349 1746 774 624 645 815 608 1113 450 401 374 441 845 402 363 313 195 176 180 148 146 120 114 124 108 85 112 137 133 143 172 167 158 144 114 80 68 60 37 25 17 14 10
1503 1475 1505 1458 1506 1376 1269 1224 1210 1209 1176 1103 1103 1124 1122 1132 1109 1120 1292 1198 1163 1321 1406 1283 1578 1606 1237 1244 1566 1749 1580 1568 1056 1909 924 734 1227 1312 1039 989 835 775 900 1355 1896 860 722 726 584 570 534 1211 414 482 864 467 316 362 296 202 172 157 131 126 113 109 103 94 101 97 115 123 143 149 168 128 101 80 66 50 34 23 16 13 13
1540 1503 1739 1432 1456 1343 1251 1203 1190 1267 1202 1120 1116 1149 1173 1186 1224 1131 1358 1235 1105 1373 1654 1786 1865 1484 1096 910 830 796 849 1095 1104 866 1150 867 853 2017 1628 1266 973 871 860 1187 1194 1687 865 715 648 583 609 687 460 531 956 473 331 300 326 223 214 157 147 168 135 141 133 109 81 120 121 113 110 139 169 132 114 94 64 44 35 23 19 16 16
1561 1516 1546 1417 1346 1314 1244 1206 1186 1173 1200 1144 1128 1141 1181 1227 1243 1177 1381 1313 1075 1079 1693 1712 1325 1005 1113 1034 817 822 859 917 839 1606 995 1525 1230 1026 1647 1204 1426 1091 969 931 924 876 983 785 685 571 601 1109 485 558 728 857 334 272 261 212 193 177 164 163 149 151 121 109 80 111 143 120 86 112 157 142 128 97 74 48 29 23 19 17 17
1551 1511 1579 1520 1398 1344 1269 1215 1202 1182 1163 1148 1131 1140 1161 1337 1216 1102 1200 1478 1084 1073 1217 1603 1012 916 1281 949 840 1121 1283 1397 1167 1044 1176 992 1611 1699 1270 1266 1406 1306 984 861 817 817 782 773 687 597 540 560 754 422 398 428 308 272 247 227 208 192 179 163 145 139 148 124 95 64 111 122 74 119 137 135 107 108 83 53 35 24 21 17 13
1585 1550 1465 1559 1434 1434 1296 1245 1221 1185 1156 1143 1131 1121 1131 1181 1350 1092 1165 1686 1166 1075 1147 1447 968 865 910 1018 949 1284 1446 1539 1418 1194 1096 1000 1091 1368 2434 2269 1417 1137 991 983 833 774 732 703 652 595 603 596 1748 548 438 579 547 299 259 244 230 219 202 187 163 140 116 105 97 59 73 75 83 82 98 109 100 92 74 51 31 25 22 14 15
1607 1591 1491 1467 1425 1332 1303 1267 1235 1193 1164 1148 1130 1113 1109 1141 1532 1092 1112 1636 1480 1087 1336 1471 1271 847 844 1090 1123 1321 1585 1583 1585 1595 1256 1056 1037 1113 1304 1335 1256 1335 1330 1555 1018 791 744 673 658 669 1129 758 925 993 783 569 1014 382 307 323 304 262 232 208 177 139 109 118 89 101 94 65 53 47 65 79 79 69 60 44 30 26 23 19 16
1741 1611 1597 1534 1510 1380 1384 1312 1272 1226 1192 1163 1170 1101 1098 1100 1413 1092 1104 1607 1249 1091 1496 1849 1385 858 857 1188 1274 1582 1709 1694 1583 1599 1853 1194 1087 1100 1175 1174 1171 1134 1100 1176 1453 833 792 888 735 833 794 824 659 1158 583 945 935 440 924 681 432 318 257 224 158 148 121 148 132 101 89 79 56 74 42 40 49 51 50 41 36 30 23 20 18
1801 1720 1633 1594 1509 1501 1401 1384 1335 1260 1222 1178 1143 1116 1093 1093 1275 1093 1137 1351 1215 1093 1243 1377 1482 930 882 1202 1316 1505 1436 1483 1475 1582 1589 1890 1200 1154 1195 1297 1750 1221 1021 980 978 1063 939 1074 932 1015 730 902 688 590 622 556 543 594 897 780 543 406 313 239 190 162 133 132 108 97 85 94 98 66 54 48 40 37 34 33 32 32 28 21 20
1846 1784 1738 1681 1533 1561 1566 1473 1406 1319 1311 1206 1170 1158 1097 1094 1095 1093 1093 1099 1098 1094 1097 1096 1202 1428 1540 1080 1271 1393 1260 1278 1410 1377 1805 1721 1499 1258 1360 2124 1605 1275 1036 934 906 1004 1206 952 932 1080 807 739 1229 717 486 472 567 540 687 1193 716 545 342 281 199 156 143 128 102 92 88 79 116 96 93 69 64 81 55 34 30 28 26 23 22
1847 1785 1756 1630 1620 1615 1569 1499 1495 1465 1348 1266 1233 1164 1114 1096 1098 1094 1093 1097 1099 1096 1095 1092 1092 1093 1361 1283 1229 1271 1142 1148 1179 1493 1507 1470 1527 1453 1749 1860 1840 1349 1048 927 910 836 1031 804 848 890 795 670 584 863 642 433 421 483 551 854 1084 555 334 249 197 175 163 115 108 106 107 107 126 102 106 78 85 97 62 49 34 28 30 26 22
1896 1794 1761 1726 1699 1713 1652 1674 1506 1740 1390 1301 1294 1230 1193 1105 1098 1099 1100 1101 1102 1098 1096 1093 1091 1087 1089 1090 1090 1151 1093 1095 1139 1214 1167 1224 1253 1378 1700 2007 1831 1417 1076 952 931 868 840 792 740 823 674 712 1160 1195 478 444 399 369 432 477 555 463 302 247 188 154 141 122 113 118 99 118 126 136 136 96 123 118 90 61 39 30 27 26 22
1946 1840 1799 1925 1868 1748 1757 1707 1563 1899 1450 1346 1309 1198 1150 1114 1105 1105 1105 1106 1107 1101 1096 1094 1092 1090 1087 1089 1089 1087 1088 1096 1103 1111 1117 1133 1150 1277 1526 1767 1851 1424 1072 1036 1081 927 965 898 1103 858 1001 775 889 615 519 464 414 369 374 355 345 315 233 204 176 161 165 141 120 137 121 129 136 167 164 125 150 126 88 64 41 27 24 20 20
2022 1921 1846 2005 1929 1840 1724 1699 1680 1683 1590 1377 1361 1882 1683 1127 1108 1111 1112 1112 1111 1106 1102 1095 1093 1090 1088 1088 1085 1087 1102 1115 1127 1131 1129 1140 1154 1165 1182 1290 1480 1315 1064 1119 1189 1014 1041 1211 1093 1278 894 863 788 700 578 483 434 370 331 298 282 342 246 198 186 180 166 138 157 144 148 138 166 209 220 148 113 143 102 66 46 27 22 19 16
1900 2014 1934 1910 2020 1924 1796 1826 1997 1849 1683 2408 1441 1357 1495 1137 1119 1119 1117 1114 1462 1177 1101 1097 1095 1090 1089 1092 1104 1144 1132 1142 1181 1167 1158 1171 1191 1190 1157 1140 1162 1119 1114 1244 1531 1201 1246 1368 1222 1240 1247 1978 1334 654 596 506 451 405 334 288 268 247 308 211 210 180 161 163 152 165 153 153 158 217 220 148 109 98 90 70 50 36 20 18 15
1679 2063 2017 1917 1845 1940 1765 1652 1959 2084 1835 2022 1746 1259 1237 1265 1130 1123 1119 1112 1270 1232 1105 1099 1109 1116 1097 1137 1210 1289 1341 1330 1273 1261 1305 1249 1239 1264 1332 1369 1175 1173 1183 1357 1883 1434 1566 1341 1641 1664 1882 1851 1591 937 1608 641 713 419 339 319 275 244 237 236 217 188 176 172 171 182 145 121 133 156 177 144 133 150 110 71 50 37 24 17 13
1521 1916 1883 1939 1813 1741 1645 1723 1594 1738 2111 1704 1946 1199 1164 1154 1149 1272 1122 1121 1113 1106 1105 1099 1276 1143 1199 1393 1323 1447 1488 1431 1390 1470 1583 1583 1388 1347 1366 1371 1357 1266 1268 1619 1768 1996 1575 1470 1775 2082 2392 2534 2186 1662 1039 1802 520 420 343 298 294 250 237 207 194 182 177 197 183 182 138 115 115 128 122 153 181 168 107 73 45 34 24 17 12
1601 1526 1834 1665 1957 1881 1720 1482 1416 1672 1678 1637 2109 1260 1219 1719 1245 1176 1295 1140 1123 1108 1103 1098 1093 1092 1091 1132 1693 1740 1944 2299 1636 1639 1695 1677 1573 1489 1478 1493 1422 1496 1408 1531 1910 2089 1616 1634 1831 2861 2870 2382 2459 2199 1742 1347 662 931 407 325 316 272 271 241 221 217 204 204 161 145 136 112 105 100 113 127 128 137 133 85 47 31 21 15 14
1690 1610 1396 1439 1828 1857 1768 1534 1411 1302 1289 1362 1595 1601 1530 1368 1698 1217 1470 1140 1156 1130 1104 1135 1095 1091 1092 1097 1110 1450 1475 1535 1875 2136 2175 2039 1723 1815 1681 1654 1582 1601 1851 1937 2084 1997 2014 2502 2231 2045 2067 2882 2447 2914 3050 1964 1161 634 401 365 305 322 296 263 249 224 241 191 159 138 126 123 118 111 99 109 177 198 148 81 57 32 18 14 11
2381 1943 1687 1364 1486 1950 1678 1762 1392 1237 1266 1227 1464 1328 1386 1329 1267 1413 1586 1734 1219 1251 1529 1449 1530 1211 1140 1135 1117 1126 1153 1189 1256 1568 1717 1934 1984 2128 2235 2459 2053 1906 1974 1865 1851 1912 2212 2390 2327 2217 2159 2103 2461 2931 3119 1966 2005 864 452 428 406 360 316 283 272 248 266 188 173 160 140 147 137 123 106 113 234 213 122 100 54 27 15 12 7
2473 2393 1665 1528 1552 1425 1604 1375 1325 1755 1712 1388 1352 1294 1417 1340 1291 1382 1662 2233 2235 1703 1692 1434 1495 1879 1693 1580 1689 1382 1197 1301 1452 1306 1385 1614 1676 1948 2314 2451 2417 2310 2907 2210 2231 1991 2500 2349 2358 2085 2030 2283 2537 2299 2378 1823 1320 1685 1188 506 439 438 368 338 282 310 283 201 198 171 154 162 172 129 113 80 162 144 92 119 66 30 14 9 6
2090 2111 1873 1557 1404 1475 1751 1738 1439 1830 1869 1646 1386 1343 2048 1768 1548 1527 1317 1366 1563 1491 1455 1422 1462 1583 1740 1329 1475 1866 1339 1296 1730 1844 1429 1610 1516 1692 1767 1980 2161 2160 1977 2085 2035 2005 2197 2091 1909 1877 1900 1927 2161 2593 2255 2037 1287 1725 1282 612 527 491 424 343 376 292 271 241 192 169 133 121 111 106 101 85 74 88 93 150 84 36 12 6 5
2469 2040 1991 1622 1706 1667 1963 1892 1623 1648 1828 1718 1496 1461 1441 1516 1546 1703 1457 1454 1529 1516 1510 1476 1447 1463 1423 1418 1531 1620 1455 1426 1418 1471 1608 1691 1606 1674 1714 1852 1945 2019 1847 2363 2051 1928 1959 2120 2207 1938 1881 1882 1888 2134 2740 2486 2213 1395 1080 1871 549 486 428 378 320 288 242 221 193 187 164 149 121 144 119 96 134 84 63 90 105 41 13 6 3
1974 2241 1957 1859 1648 1610 1820 1807 1656 1601 1946 1645 1644 1600 1523 1576 1534 1459 1396 1352 1568 1870 1618 1498 1603 1656 1721 1670 1531 1656 1724 1699 2051 1615 1507 1685 1713 1843 1918 1681 1665 1732 1862 1792 2100 1938 1867 2053 2163 1899 1879 2010 1923 1878 2177 2762 2591 1805 1814 904 753 531 412 357 313 279 251 223 234 284 241 220 217 237 208 166 141 99 99 67 69 57 15 8 6
1961 2180 2054 1902 1744 1680 1900 1887 1778 1777 1696 2021 1804 1750 1704 1679 1745 1626 1508 1427 1397 1425 1501 1462 1531 1577 1575 1586 1651 1692 1682 1941 2125 2260 1611 1611 2102 2070 2095 1900 1684 1653 1724 1860 1886 1736 1735 1768 1935 1945 1856 1987 2087 1954 1878 2289 2024 1776 1451 1881 1291 618 446 392 342 313 255 262 455 515 491 437 458 367 267 257 181 159 135 80 52 59 29 8 3
1958 1960 2084 1888 1808 1841 1860 1984 2120 1905 1796 1842 2025 1866 1855 1860 2066 1848 1697 1497 1460 1475 1493 1488 1612 1650 1582 1626 1572 1620 1689 1800 2036 1959 1696 1598 1672 1804 1983 2506 2068 1748 1651 1727 2036 1829 1735 1722 1805 2321 1988 1855 2016 2106 1948 1922 2344 1941 1831 1764 1391 901 489 402 355 305 280 276 348 593 586 705 578 515 464 317 213 286 134 63 55 35 15 15 8
2045 2007 1982 2017 1917 1882 2124 2506 2152 2060 1901 1847 1919 1972 1975 2183 1920 1877 1656 1601 1582 1563 1637 1649 1557 1607 1567 1569 1570 1573 1600 1725 2245 1891 1854 1669 1659 1777 2046 2295 2729 2028 1752 1661 1863 2170 1814 1721 1758 1925 2217 2095 2074 1918 2141 1885 2094 2070 1881 1999 1447 1070 597 502 341 361 315 301 397 789 708 641 816 797 888 548 225 143 149 91 66 73 42 14 9
