Challenge_3/RasterMaps/North_America.asc
NCOLS        1093
NROWS        534
XLLCENTER    -140.275000000000
YLLCENTER    18.141666666667
CELLSIZE     0.08333333333334
NODATA_VALUE -9999
[rows 456 to 493 of 534, columns 340 to 424 of 1093]
-1 -2 10 3 44 37 43 87 150 119 140 172 398 269 36 -17 -242 -317 -20 -29 -356 -583 -703 -888 -977 -494 -839 -1257 -1417 -1503 -2094 -2527 -2682 -3016 -3229 -2703 -1883 -1366 -1472 -1362 -1227 -1174 -1051 -987 -828 -580 -43 -15 -4 -2 1 6 2 8 17 36 78 106 201 245 348 579 291 418 555 1342 843 1205 1080 801 1742 1801 2485 1303 1962 2533 2341 2507 2626 2203 2085 2228 2890 2585 2307
245 44 -1 -1 7 18 52 85 85 80 113 116 164 383 98 -30 -105 -228 -46 363 -615 -695 -535 -705 -503 -326 -1001 -1137 -1351 -1505 -1804 -2676 -2904 -3199 -1901 -2150 -2001 -1618 -1517 -1557 -1448 -1280 -1179 -1034 -897 -614 -54 -40 -30 -15 -1 -1 2 2 10 15 51 106 235 135 165 269 539 426 654 1276 1078 1525 2468 1850 1853 2091 1854 2315 2373 2529 2503 2510 2594 2372 2449 2086 2677 2546 2491
-101 -5 128 -1 -1 2 22 60 88 69 60 236 269 411 404 -11 -108 -214 -121 5 -89 -773 -672 -519 -76 -1339 -1174 -579 -906 -1570 -1461 -1909 -2731 -3267 -2706 -2141 -1489 -1674 -1735 -1710 -1550 -1432 -1271 -1105 -784 -405 -48 -41 -36 -30 -20 -2 -1 -1 3 13 32 49 100 109 307 232 536 393 614 613 1364 1900 1874 2099 2026 2394 2503 2665 2574 2527 2696 2542 2510 2603 2482 2175 2514 2737 2505
-111 -96 -28 -21 -39 -25 4 42 52 33 47 98 160 229 343 183 -42 -50 -61 -19 39 -130 -539 -330 143 -454 -1284 -698 -631 -949 -1224 -1759 -2282 -3210 -3208 -2721 -2052 -1690 -1646 -1685 -1588 -1398 -1190 -996 -618 -346 -80 -56 -42 -37 -31 -21 -7 1 3 13 24 38 83 354 841 598 356 512 339 528 923 1548 1510 1822 1747 2172 2700 2722 2393 2549 2568 2439 2600 2611 2564 2278 2575 2676 2689
-117 -102 -98 -139 -196 -109 -65 -24 3 59 43 115 179 313 399 194 13 -43 -30 -15 143 96 -55 -270 -209 49 -1442 -1562 -523 -608 -1393 -1602 -1923 -2691 -3198 -2651 -2819 -1999 -1575 -1627 -1555 -1408 -1257 -1017 -715 -526 -105 -83 -79 -47 -40 -33 -25 -15 -2 1 6 15 42 103 349 572 233 534 312 1050 1754 859 1070 806 1637 2725 1807 2099 2324 2186 2420 2346 2598 2721 2532 2336 2467 2437 2644
-158 -136 -150 -168 -296 -284 -150 -110 -49 -23 45 76 112 211 332 207 150 28 3 5 168 338 228 85 -188 265 -83 -1286 -1377 -765 -1385 -1456 -1201 -1602 -2626 -3201 -2998 -2386 -1501 -1757 -1532 -1317 -1003 -863 -648 -380 -167 -118 -101 -92 -60 -44 -35 -28 -19 -5 3 2 15 51 128 511 380 175 545 849 1239 541 1003 1497 1866 951 1657 800 1412 1681 2310 2390 2412 2694 2585 2434 2571 2332 2576
-203 -192 -198 -223 -254 -383 -376 -202 -157 -120 -67 -3 78 151 196 247 295 97 53 14 142 419 881 158 -44 -16 -641 -779 -1508 -1624 -1279 -1430 -1316 -1515 -1952 -2611 -3096 -3338 -2041 -1628 -1537 -1352 -1001 -777 -632 -440 -399 -317 -128 -116 -98 -89 -48 -38 -32 -25 -11 -3 2 24 58 88 140 183 259 785 507 279 661 939 961 731 947 1588 2869 2415 2547 2277 2380 2515 2598 2500 2554 2364 2428
-207 -210 -232 -268 -283 -276 -469 -352 -360 -242 -151 -93 -16 66 103 149 205 218 112 59 201 439 644 74 6 85 -588 -915 -1086 -1787 -1513 -1263 -1322 -1451 -1445 -2126 -2782 -3779 -2977 -2193 -1620 -1410 -943 -826 -715 -748 -842 -692 -527 -256 -278 -104 -84 -96 -45 -41 -30 -16 -3 6 25 71 192 96 157 261 228 215 439 418 536 1037 912 2176 2723 2628 2376 2227 2228 2398 2525 2607 2605 2463 2313
-328 -246 -257 -304 -362 -353 -234 -554 -542 -445 -273 -143 -97 -24 39 60 155 164 192 116 199 626 650 132 61 302 -49 -666 -1189 -1692 -1870 -1974 -2195 -2258 -2326 -2375 -2388 -2845 -3262 -2741 -2137 -1249 -1238 -645 -628 -711 -760 -841 -836 -581 -468 -404 -236 -83 -28 -80 -46 -36 -21 -8 12 31 63 99 84 138 188 219 462 1109 1561 1917 1722 1546 1153 911 2268 2296 2249 2427 2347 2454 2552 2567 2348
-426 -388 -298 -326 -381 -447 -405 -592 -626 -588 -397 -250 -152 -93 -19 30 65 119 188 210 234 387 606 269 226 803 90 -174 -940 -1639 -2039 -2182 -2191 -2290 -2466 -2432 -2338 -2479 -2753 -3174 -2871 -2480 -1407 -1124 -879 -647 -742 -1194 -963 -675 -757 -758 -684 -460 -178 -67 -52 -46 -35 -22 -8 50 88 35 117 306 280 262 467 1076 1723 1244 908 1468 1724 1546 1842 2687 2599 2533 2412 2449 2426 2584 2355
-248 -487 -332 -327 -375 -440 -395 -447 -672 -690 -474 -313 -215 -135 -91 -15 22 57 109 138 226 402 472 481 612 591 260 -49 -1109 -997 -1653 -2175 -2289 -2365 -2486 -2634 -2602 -2682 -2718 -2642 -2869 -2860 -2385 -1601 -1266 -919 -910 -1274 -1186 -964 -1109 -1008 -876 -739 -503 -79 -41 -63 -48 -38 -19 0 15 64 124 164 306 432 691 1082 590 380 478 1008 2157 2577 2658 2793 2694 2578 2245 2369 2525 2628 2575
-534 -426 -658 -441 -379 -430 -441 -404 -659 -700 -480 -318 -314 -195 -126 -90 -51 2 30 141 197 340 541 875 881 505 190 -13 -226 -175 -968 -1718 -2165 -2476 -2532 -2575 -2232 -1898 -1836 -2449 -2724 -2657 -2611 -2616 -1807 -1386 -1387 -1409 -1423 -1432 -1354 -1214 -1020 -949 -767 -371 -38 -31 -24 -46 -33 -19 20 170 190 278 143 184 337 718 418 358 868 1888 2170 2180 2142 2273 2787 2210 2354 2593 2513 2431 2596
-1694 -595 -365 -401 -386 -412 -542 -513 -620 -543 -677 -515 -378 -273 -158 -105 -91 -95 -91 4 270 243 438 1038 1275 1133 477 103 33 0 -492 -1284 -1590 -2355 -2481 -2596 -2511 -2398 -2483 -2366 -2479 -2600 -2569 -2611 -2575 -1847 -1606 -1388 -1484 -1565 -1569 -1194 -1132 -1065 -826 -636 -330 -93 -100 -69 -53 -39 -20 40 195 105 73 304 286 190 196 320 1133 2233 1314 2387 1566 1928 2533 2588 1689 2347 2091 2561 2580
-2682 -1156 -838 -538 -595 -481 -689 -601 -632 -641 -679 -532 -432 -243 -217 -126 -110 -134 -215 -273 24 163 430 834 1693 743 252 133 107 109 -18 -974 -1383 -2042 -2464 -2635 -2586 -2645 -2524 -2270 -2627 -2593 -2458 -2627 -2540 -2542 -2351 -1538 -1734 -1716 -1604 -1389 -1354 -985 -892 -734 -547 -391 -150 -51 -36 -59 -43 -27 11 30 181 196 240 165 601 834 1060 1837 928 981 1440 1648 1962 2759 1811 1448 2114 2205 2576
-3149 -3063 -1707 -823 -459 -498 -450 -602 -682 -407 -630 -506 -457 -331 -354 -283 -126 -248 -389 -506 -103 99 276 634 1013 1031 227 191 259 461 25 -820 -1803 -2141 -2364 -2257 -2760 -2659 -2646 -2628 -2537 -2352 -2526 -2522 -2551 -2533 -2541 -2393 -2426 -2718 -2001 -1230 -1643 -1136 -1030 -1022 -823 -671 -526 -240 -99 -85 -86 -47 -31 18 114 141 172 93 261 704 530 934 1272 807 1310 1524 1794 2408 2054 2031 1982 2191 2438
-3227 -3176 -3084 -1650 -1008 -661 -810 -801 -801 -790 -908 -1005 -871 -623 -638 -366 -305 -629 -688 -626 -544 10 245 516 1180 476 199 192 440 411 43 -791 -1807 -2331 -2517 -2628 -2738 -2721 -2402 -2503 -2420 -2552 -2594 -2578 -2498 -2542 -2539 -2482 -2516 -2544 -2362 -1790 -1860 -1234 -1202 -1044 -886 -841 -710 -635 -330 -143 -100 -66 -48 -17 58 116 73 197 126 259 314 1274 1387 698 552 1143 1466 1184 1228 2060 2037 1887 2185
-3320 -3272 -3217 -3147 -1981 -1686 -1064 -1077 -1227 -1291 -1184 -1229 -1134 -812 -618 -884 -534 -715 -894 -832 -765 -200 118 299 954 390 229 123 336 273 -3 -1278 -2059 -2379 -2621 -2786 -2593 -2675 -2820 -2779 -2604 -2905 -2933 -2837 -2636 -2523 -2526 -2518 -2446 -2512 -2544 -2248 -2007 -1391 -684 -809 -1002 -982 -958 -823 -574 -297 -172 -111 -68 -36 9 126 47 47 221 192 113 471 621 898 447 1065 1529 1103 1344 2018 1736 2150 2602
-3315 -3286 -3199 -3220 -3127 -2500 -1851 -1611 -1588 -1290 -1270 -1462 -1568 -581 -673 -994 -1024 -738 -979 -1004 -807 -152 269 563 1060 701 147 71 170 99 -51 -626 -1884 -2387 -2274 -2923 -2809 -2769 -2637 -2776 -2884 -2573 -2693 -3001 -2857 -2674 -2628 -2568 -2450 -2509 -2456 -2155 -1961 -1158 -473 -456 -906 -1077 -1270 -1156 -960 -595 -324 -133 -94 -57 -21 7 9 25 68 346 140 123 455 550 453 1111 1038 1456 588 1946 1553 2066 2151
-3324 -3391 -3270 -3185 -3106 -2989 -2799 -2535 -2066 -2047 -1698 -1860 -1809 -989 -1354 -1497 -1226 -1102 -1145 -1088 -373 -822 72 306 708 617 260 35 9 -171 -198 -1282 -1911 -2163 -2295 -2887 -3032 -2911 -2075 -2811 -2828 -2797 -2798 -2826 -2979 -2957 -2814 -2611 -2454 -2610 -2496 -2083 -1775 -1216 -853 -579 -596 -1069 -1512 -1442 -1197 -1030 -732 -318 -101 -150 -39 -33 4 2 30 72 98 55 147 252 629 725 1553 1215 1053 1049 1315 1603 1256
-3336 -3346 -3287 -3182 -3128 -3061 -2924 -2791 -2777 -2625 -2268 -2229 -1918 -1546 -1674 -1364 -838 -1120 -1434 -913 -537 -1112 -21 285 324 205 122 -164 -707 -296 -529 -1029 -2100 -2064 -2442 -2951 -3015 -2974 -2701 -2383 -2627 -2724 -2788 -2827 -2959 -2919 -2960 -2760 -2276 -2707 -2447 -2122 -1926 -1119 -1015 -875 -860 -1528 -1657 -1553 -1400 -1158 -930 -593 -249 -119 -122 -39 -27 6 2 61 20 48 173 330 206 396 1202 818 524 671 1120 966 1702
-3211 -3311 -3248 -3149 -3113 -3060 -3014 -3002 -2986 -2768 -2559 -2440 -2150 -2069 -1941 -1548 -1387 -1131 -1429 -833 -595 -1220 -305 9 85 59 -775 -462 -934 -684 -603 -1960 -1847 -2210 -2710 -3057 -3054 -3048 -3078 -3010 -2797 -2560 -2691 -2842 -2852 -2640 -3308 -2807 -2689 -2603 -1978 -1716 -1280 -695 -1063 -1431 -1498 -1823 -1820 -1572 -1486 -1382 -1121 -848 -506 -184 -160 -73 -47 -19 5 1 11 37 260 388 142 611 755 456 315 830 1475 731 1324
-3283 -3286 -3232 -3152 -3106 -3078 -3028 -2960 -2993 -2850 -2550 -2411 -2342 -2274 -2232 -1853 -1669 -1477 -1305 -714 -553 -1518 -1223 -679 -722 -1229 -736 -689 -1038 -1216 -1229 -2049 -1290 -2731 -3061 -3052 -3075 -3093 -3053 -2946 -2913 -2867 -2792 -2768 -2676 -2952 -3168 -2731 -2950 -2859 -2676 -1358 -870 -1095 -1266 -1524 -1696 -1941 -1924 -1835 -1606 -1513 -1222 -994 -670 -370 -175 -79 -17 -39 -17 3 1 4 27 175 283 444 330 218 712 1674 1577 1301 788
-3296 -3282 -3271 -2897 -3111 -3116 -3091 -2836 -3009 -3000 -3000 -2790 -2731 -2596 -2565 -2422 -2138 -2129 -2010 -1871 -1754 -1874 -1914 -1923 -2035 -1657 -1298 -1243 -1737 -1697 -2243 -2660 -2655 -3048 -3094 -3025 -3088 -3097 -3012 -2922 -2915 -2903 -2942 -2935 -2696 -3142 -2832 -2996 -3012 -2831 -2853 -2587 -749 -725 -1143 -1601 -1801 -2052 -1982 -1766 -1476 -1396 -1089 -671 -738 -522 -172 -79 -53 -55 -32 -21 -3 9 2 0 118 241 316 135 497 1930 1571 1558 865
-3351 -2395 -3307 -3250 -3178 -3163 -3096 -2723 -3063 -3036 -2983 -3009 -3026 -2876 -2767 -2548 -2407 -2468 -2595 -2541 -2622 -2510 -2524 -2786 -2670 -2471 -2659 -2116 -2507 -2698 -2820 -2934 -3054 -3012 -3058 -3097 -2630 -3027 -2774 -2835 -2863 -2858 -2948 -2832 -3059 -2807 -2937 -3018 -2890 -2957 -2868 -2866 -2699 -1914 -1466 -1545 -1844 -2046 -2001 -1361 -1326 -1232 -1397 -896 -636 -628 -305 -111 -59 -72 -43 -27 -14 -3 2 2 13 245 141 118 272 1123 1751 1627 922
-3339 -3303 -3385 -3322 -3268 -3258 -3242 -3218 -3252 -3177 -3109 -3119 -3058 -2955 -2823 -2514 -2645 -2547 -2746 -2751 -2804 -2838 -2812 -2838 -2895 -2805 -2778 -2900 -2739 -2764 -2863 -2939 -3015 -3055 -3064 -2916 -2837 -2958 -2892 -2934 -2942 -2907 -2862 -2863 -2902 -2831 -3015 -2950 -3002 -2782 -2913 -3007 -3004 -2709 -2115 -1647 -1797 -2125 -2061 -1447 -1445 -1325 -1502 -1380 -549 -535 -467 -250 -85 -37 -48 -34 -21 -16 4 1 33 200 32 56 188 898 1328 1455 1005
-3328 -3320 -3341 -3325 -3293 -3367 -3353 -3335 -3314 -3238 -3205 -3179 -3053 -2986 -2868 -2833 -2750 -2830 -2876 -2895 -2949 -2992 -2971 -3065 -3103 -2966 -2951 -3000 -2894 -2968 -3025 -3152 -2991 -2887 -3132 -3119 -2986 -2955 -2944 -2961 -2828 -2837 -2755 -2757 -2806 -2998 -3036 -2961 -2948 -2958 -2990 -3018 -2982 -2823 -2617 -2408 -1856 -2199 -2107 -1815 -1557 -1366 -1548 -1055 -654 -438 -683 -374 -77 -41 -49 -37 -29 -22 -4 2 3 5 14 31 180 571 746 831 425
-3352 -3332 -3353 -3369 -3373 -3391 -3393 -3319 -3296 -3252 -3266 -3222 -3219 -3212 -3048 -3009 -2896 -3010 -2970 -2963 -2977 -3049 -3124 -3173 -3155 -3169 -3113 -3100 -3101 -3089 -3012 -3118 -2843 -2998 -3149 -3031 -2914 -2881 -2958 -2908 -2930 -2763 -2858 -2723 -2910 -2976 -2957 -2982 -2895 -2911 -3076 -3029 -2805 -2674 -2637 -2498 -2431 -2306 -2016 -2057 -1695 -1534 -1288 -1076 -284 -879 -798 -391 -90 -125 -47 -37 -33 -27 -17 5 2 7 11 17 96 744 797 435 1314
-3289 -3356 -3363 -3365 -3331 -3358 -3342 -3327 -3272 -3303 -3294 -3304 -3274 -3221 -3171 -3110 -3058 -3042 -3042 -3006 -3105 -3166 -3152 -3168 -3233 -3166 -3171 -3163 -3174 -3177 -3176 -3190 -3124 -3024 -3108 -3014 -2973 -2848 -2816 -2654 -2952 -3012 -2792 -2880 -2810 -2940 -2981 -2978 -2889 -3059 -3011 -2982 -2746 -2518 -2519 -2331 -2227 -2300 -2257 -2182 -1654 -1333 -969 -913 -342 -979 -508 -303 -74 -48 -47 -41 -35 -28 -23 -3 3 6 10 24 41 558 561 373 1157
-3326 -3333 -3358 -3349 -3327 -3322 -3172 -3277 -3242 -3299 -3331 -3307 -3298 -3251 -3191 -3152 -3123 -3138 -3129 -3184 -3171 -3119 -3188 -3173 -3206 -3171 -3063 -3176 -3209 -3167 -3175 -3142 -3029 -3078 -3014 -2657 -2974 -2930 -2754 -2867 -2913 -2997 -2882 -2896 -2946 -2897 -2921 -2981 -2906 -3068 -3026 -3095 -2970 -2947 -2804 -2534 -2142 -2370 -2275 -1944 -1828 -1363 -802 -1045 -753 -834 -457 -406 -89 -98 -47 -41 -36 -30 -21 -7 6 5 6 0 51 159 646 324 681
-3295 -3249 -3346 -3294 -3301 -3266 -2952 -3195 -3288 -3282 -3303 -3328 -3295 -3282 -3248 -3207 -3185 -3186 -3190 -3215 -3196 -3073 -3088 -3164 -3195 -3225 -3099 -3148 -3191 -3184 -3163 -3093 -3007 -3031 -2937 -2758 -2943 -2796 -2731 -2969 -2757 -2974 -2854 -2894 -2941 -2959 -2962 -2956 -3058 -3117 -3116 -3097 -2980 -2801 -2607 -2895 -2965 -2984 -2538 -2187 -2051 -1837 -1449 -1387 -1232 -314 -596 -404 -91 -65 -46 -44 -37 -30 -21 -8 3 7 3 3 70 42 243 557 388
-3336 -3277 -3345 -3279 -3259 -3172 -3087 -3203 -3257 -3337 -3293 -3214 -3246 -3262 -3226 -3260 -3209 -3224 -3190 -3160 -3152 -3183 -3160 -3109 -3108 -3185 -3142 -3093 -3122 -3136 -3193 -3036 -3008 -3018 -2969 -2856 -2875 -2619 -2929 -2734 -2865 -2744 -2802 -2819 -2780 -2976 -2967 -2942 -3075 -3019 -3128 -3097 -2812 -2530 -2602 -2697 -2871 -2930 -2948 -2613 -2140 -2070 -1868 -1410 -1282 -904 -532 -194 -47 -50 -49 -48 -40 -32 -22 -9 3 6 2 3 7 31 99 163 398
-3262 -3328 -3278 -3269 -3235 -3099 -3114 -3215 -3241 -3280 -3285 -3206 -3220 -3216 -3250 -3120 -3155 -3116 -3180 -3189 -3198 -3222 -3209 -3179 -2995 -3098 -3112 -3143 -3157 -3100 -3069 -2972 -2932 -2953 -2966 -2845 -2584 -2749 -3049 -3038 -2731 -3029 -2843 -2663 -2786 -2880 -2987 -3015 -3077 -3139 -3127 -3107 -3000 -2691 -2642 -2607 -2730 -2870 -2873 -2836 -2086 -1993 -1675 -1564 -1374 -850 -625 -162 -97 -63 -52 -56 -46 -28 -21 -11 2 4 3 6 11 20 38 173 468
-3285 -3294 -3273 -3227 -3236 -3235 -3261 -3214 -3314 -3263 -3172 -3207 -3274 -3263 -3315 -3214 -3142 -3196 -3226 -3030 -3208 -3262 -3272 -3121 -3100 -3117 -3138 -3225 -3093 -3102 -3017 -2995 -2989 -2990 -2934 -2820 -2841 -2810 -2845 -2971 -2894 -2958 -2951 -2851 -2904 -3013 -2960 -3054 -3084 -2511 -2651 -3071 -2990 -2731 -2763 -2755 -2798 -2743 -2761 -2795 -2757 -1701 -1490 -1394 -1253 -902 -657 -171 -73 -58 -60 -56 -33 -17 -20 -16 1 2 3 5 10 19 34 84 561
-3310 -3331 -3479 -3237 -3263 -3228 -3204 -3288 -3249 -3221 -3170 -3206 -3215 -3330 -3269 -3201 -3171 -3221 -3175 -3153 -2796 -2791 -3146 -3063 -3139 -3081 -3089 -3138 -3202 -3046 -3046 -3040 -2914 -2980 -3041 -2842 -2794 -2777 -2732 -2692 -2834 -2968 -2987 -2966 -3094 -3122 -3010 -3162 -3171 -3158 -3189 -2981 -2738 -2819 -2691 -2800 -2913 -2849 -2759 -2807 -2778 -1666 -742 -568 -1091 -804 -525 -366 -107 -56 -58 -75 -43 -21 -23 -19 -8 3 3 7 9 18 32 97 310
-3378 -3382 -3323 -3312 -3206 -3233 -3280 -3308 -3189 -3161 -3114 -3271 -3268 -3257 -3214 -3310 -3219 -3192 -3190 -3229 -3302 -3302 -3190 -3113 -3130 -3148 -3085 -3083 -3198 -3061 -3006 -2979 -2842 -2990 -2934 -2828 -2851 -2799 -2677 -2703 -2857 -3023 -2916 -2983 -3077 -2990 -2386 -3049 -3180 -3206 -3126 -2704 -2835 -2983 -2674 -2912 -2936 -2883 -2922 -2905 -2909 -2327 -587 6 -862 -393 -482 -275 -52 -49 -56 -53 -55 -39 -32 -23 -15 -2 3 5 10 11 56 94 126
-3328 -3400 -3316 -3312 -3278 -3268 -3284 -3272 -3246 -3204 -3196 -3283 -3297 -3359 -3253 -3297 -3287 -3145 -3191 -3227 -3284 -3279 -3200 -2834 -3074 -3155 -3131 -3125 -3104 -3077 -2937 -2982 -2996 -2904 -2737 -2672 -2766 -2655 -2495 -2747 -2922 -2905 -2988 -2972 -2973 -2993 -3053 -2914 -3183 -3166 -3141 -2892 -3004 -2846 -2658 -2643 -2964 -2740 -2198 -2445 -2773 -2925 -2259 -437 168 -92 -400 -334 -241 -217 -152 -90 -56 -53 -47 -35 -24 -12 5 4 4 23 99 424 327
-3467 -3468 -3361 -3252 -3326 -3351 -3341 -3262 -3184 -3253 -3304 -3153 -3267 -3287 -3256 -3287 -3289 -3233 -3179 -3183 -3217 -3224 -3190 -3184 -3221 -3201 -3168 -3188 -2830 -2959 -3029 -2895 -3004 -2931 -2723 -2698 -2529 -2525 -2612 -2830 -2842 -2798 -2937 -3040 -3034 -3068 -3132 -3052 -2984 -3165 -3112 -3125 -2796 -2918 -2951 -2807 -2922 -2804 -2087 -2313 -2501 -2753 -2837 -1979 67 23 -226 -444 -437 -325 -325 -239 -96 -66 -75 -47 -37 -10 -4 5 8 180 394 532 812
-3416 -3303 -3386 -2865 -2667 -3126 -3291 -3266 -3276 -3324 -3308 -3264 -3269 -3266 -3239 -3244 -3249 -3283 -3207 -3146 -3212 -3242 -3185 -3220 -3208 -3240 -3206 -3210 -2974 -3005 -3017 -2901 -2951 -2896 -2760 -2830 -2644 -2661 -2843 -2759 -3014 -2964 -3050 -2813 -2762 -3125 -3112 -3131 -3141 -3114 -3128 -3070 -2918 -2989 -2675 -2795 -2891 -2879 -2524 -2524 -2523 -2772 -2910 -2757 -1391 -371 -5 -92 -347 -466 -366 -359 -272 -141 -21 -65 -55 -43 -18 -13 -5 69 515 1371 1375
