Challenge_3/RasterMaps/South_America.asc
NCOLS        806
NROWS        908
XLLCENTER    -89.825000000000
YLLCENTER    -59.541666666667
CELLSIZE     0.08333333333334
NODATA_VALUE -9999
[rows 576 to 611 of 908, columns 664 to 746 of 806]
-2889 -2878 -2766 -2854 -2752 -2391 -2614 -2361 -2084 -2377 -2757 -3511 -3620 -3191 -2834 -3277 -3403 -3367 -3415 -3283 -2942 -2918 -3174 -3382 -3532 -3513 -3553 -3666 -3669 -3724 -3855 -4100 -4135 -4190 -4220 -3926 -4015 -4052 -3935 -4030 -4148 -4012 -4052 -3979 -4126 -4092 -4193 -4111 -3942 -3888 -3939 -3849 -3770 -3617 -3480 -3558 -3342 -3163 -3147 -3268 -3123 -3205 -3109 -3128 -3053 -3151 -3470 -3702 -3831 -3946 -4018 -4026 -4070 -4126 -4213 -4351 -4413 -4319 -4356 -4353 -4299 -4396 -4412
-3167 -3157 -3152 -3109 -3067 -2821 -2896 -2526 -2042 -2474 -2837 -3202 -3530 -3758 -3860 -3923 -3805 -3619 -3366 -1888 -907 -1232 -2598 -3530 -3762 -3970 -3740 -3790 -3785 -3886 -4076 -4031 -4068 -4242 -4184 -3739 -3588 -3758 -3517 -3432 -3694 -3924 -4054 -4086 -4151 -4156 -3996 -3964 -4057 -3947 -3899 -3886 -3745 -3623 -3609 -3669 -3573 -3271 -3276 -3317 -3171 -3167 -2960 -3022 -3061 -3250 -3376 -3622 -3913 -3836 -4022 -4009 -4083 -4112 -4086 -4383 -4420 -4349 -4430 -4397 -4376 -4387 -4388
-3295 -3259 -3376 -3388 -3258 -3237 -3328 -3149 -2795 -2940 -2867 -2908 -2913 -3409 -3729 -3847 -3977 -3884 -3450 -1614 -753 -530 -1551 -3499 -3884 -4028 -3889 -3825 -3940 -4075 -4086 -4001 -4051 -4042 -3844 -3554 -3317 -3501 -3741 -3983 -4195 -4192 -4233 -4214 -4026 -4064 -3904 -3865 -3672 -3472 -3531 -3751 -3738 -3676 -3662 -3667 -3581 -3407 -3495 -3341 -3268 -3178 -2966 -3004 -3137 -3220 -3385 -3660 -3965 -3928 -4027 -4062 -4080 -4123 -4245 -4369 -4335 -4348 -4438 -4337 -4337 -4292 -4291
-3451 -3463 -3484 -3469 -3430 -3481 -3473 -3406 -3335 -3369 -3374 -3326 -3025 -2947 -3166 -3397 -3774 -4004 -4001 -3775 -2902 -2115 -2715 -3605 -3973 -3905 -3765 -3841 -4045 -4057 -4085 -4068 -3854 -3638 -3493 -3430 -3517 -3798 -4149 -4263 -4288 -4197 -4149 -4143 -4119 -4106 -4047 -4013 -3782 -3559 -3518 -3724 -3790 -3714 -3677 -3648 -3627 -3534 -3538 -3403 -3228 -3166 -3112 -2989 -2938 -3141 -3411 -3683 -3855 -3925 -3972 -4051 -4071 -4090 -4161 -4243 -4378 -4411 -4317 -4446 -4407 -4303 -4362
-3561 -3574 -3597 -3586 -3537 -3647 -3559 -3494 -3507 -3609 -3628 -3523 -3535 -3400 -3335 -3307 -3556 -3850 -4014 -4054 -4108 -4011 -3775 -3884 -3879 -3877 -3754 -3403 -2914 -3510 -4079 -4072 -3837 -3875 -4063 -4080 -4074 -4101 -4168 -4095 -4073 -4075 -4068 -4066 -4030 -3949 -3995 -3936 -3922 -4009 -3996 -3860 -3750 -3684 -3683 -3640 -3591 -3585 -3494 -3490 -3417 -3358 -3188 -2912 -2810 -2964 -3288 -3727 -3894 -3893 -3881 -3975 -4047 -4088 -4117 -4257 -4439 -4372 -4317 -4372 -4258 -4264 -4300
-3625 -3689 -3629 -3679 -3687 -3712 -3589 -3580 -3617 -3697 -3648 -3619 -3710 -3684 -3724 -3612 -3597 -3779 -3943 -4090 -4124 -4111 -4130 -4060 -3998 -4031 -3831 -3627 -2758 -2563 -3215 -3775 -3961 -4064 -4232 -4217 -4120 -4082 -4106 -4036 -3799 -3723 -3690 -3791 -3675 -3437 -3815 -3917 -3960 -4034 -4077 -3946 -3770 -3642 -3556 -3480 -3466 -3554 -3475 -3503 -3477 -3432 -3391 -2996 -2733 -3030 -3245 -3658 -3818 -3845 -3840 -3831 -4011 -4072 -4042 -4214 -4377 -4249 -4345 -4436 -4291 -4241 -4112
-3766 -3807 -3666 -3646 -3734 -3689 -3637 -3688 -3786 -3813 -3874 -4000 -3926 -3881 -3880 -3812 -3812 -3877 -4003 -4111 -4115 -4127 -4116 -4113 -4132 -4134 -4062 -4014 -4015 -3648 -3606 -3818 -3954 -3990 -4125 -4123 -4110 -4118 -4106 -4102 -3853 -3667 -3321 -3169 -3113 -3067 -3570 -3818 -3735 -3725 -3727 -3695 -3668 -3649 -3522 -3351 -3462 -3537 -3468 -3524 -3469 -3437 -3265 -2925 -2990 -3259 -3309 -3573 -3733 -3841 -3700 -3704 -4050 -4074 -4086 -4184 -4260 -4271 -4317 -4253 -4255 -4256 -4092
-3870 -3839 -3766 -3777 -3742 -3695 -3744 -3894 -3896 -3860 -3858 -3841 -3877 -3984 -3927 -3954 -3944 -3972 -4148 -4118 -4121 -4152 -4133 -4110 -4124 -4095 -3984 -4039 -4130 -4137 -4142 -4140 -4156 -4202 -4132 -4028 -4134 -4268 -4226 -4267 -4118 -3933 -3788 -3601 -3434 -3233 -3399 -3421 -3220 -3286 -2657 -2382 -3021 -3498 -3505 -3258 -3393 -3387 -3292 -3384 -3441 -3433 -2960 -2691 -2931 -2957 -3028 -3389 -3595 -3702 -3724 -3806 -3851 -3927 -3993 -4077 -4208 -4254 -4250 -4199 -4239 -4190 -4124
-3903 -3861 -3742 -3820 -3837 -3823 -3997 -3991 -3868 -3921 -3917 -3927 -4058 -4064 -3879 -3740 -3873 -3923 -4133 -4127 -4107 -4123 -4158 -4135 -4118 -4108 -4137 -4107 -4127 -4173 -4101 -4076 -4091 -4139 -4082 -3600 -3310 -3906 -4152 -4266 -4162 -4002 -3960 -3847 -3626 -3468 -3356 -3531 -3361 -2697 -2029 -2322 -3124 -3390 -3400 -3309 -3341 -3220 -3282 -3304 -3288 -3214 -2825 -2660 -2735 -2534 -2752 -3247 -3551 -3613 -3602 -3618 -3591 -3911 -4037 -4075 -4038 -4101 -4259 -4203 -4213 -4214 -4333
-3852 -3914 -3906 -3961 -3950 -3999 -4160 -4121 -3952 -4033 -4087 -4128 -4114 -3852 -3739 -3846 -4058 -3921 -3818 -4015 -4060 -4180 -4169 -4147 -4116 -4126 -4175 -4126 -4160 -4180 -4104 -4098 -4128 -4122 -4114 -3649 -3105 -3519 -3841 -4050 -4076 -4023 -3998 -3842 -3629 -3597 -3544 -3705 -3700 -3278 -3287 -3555 -3542 -3448 -3355 -3358 -3336 -3164 -3220 -3188 -3137 -3045 -2871 -2790 -2551 -2293 -2582 -3200 -3520 -3555 -3492 -3432 -3490 -3731 -3886 -3959 -3942 -4029 -4228 -4125 -4014 -3913 -4226
-3749 -3942 -3973 -3944 -4008 -4042 -4053 -4044 -3988 -4091 -3999 -4024 -4126 -4032 -4053 -4239 -4242 -4117 -4080 -4091 -4159 -4163 -4139 -4132 -4122 -4132 -4126 -4107 -4204 -4236 -4201 -4168 -4141 -4075 -4015 -3957 -3840 -3924 -3898 -3901 -4028 -3992 -3730 -3614 -3730 -3742 -3672 -3684 -3644 -3496 -3458 -3504 -3512 -3456 -3383 -3343 -3326 -3171 -3120 -3074 -3024 -2985 -3017 -2974 -2676 -2395 -2523 -2896 -3411 -3608 -3496 -3266 -3354 -3557 -3788 -3818 -3614 -3773 -4203 -4105 -3839 -3538 -3804
-3972 -4006 -4050 -3975 -3999 -4090 -4093 -4080 -4091 -4102 -4091 -4087 -4096 -4100 -4087 -4041 -4018 -4010 -4003 -4080 -4008 -3920 -3871 -3969 -4000 -4147 -4129 -3698 -3836 -4191 -4227 -4180 -4119 -4119 -4055 -4015 -4024 -3985 -3901 -3846 -4015 -3950 -3712 -3749 -3731 -3655 -3583 -3556 -3541 -3455 -3332 -3326 -3456 -3544 -3325 -3339 -3363 -3270 -3217 -3061 -3062 -3136 -3246 -3068 -2746 -2434 -2497 -2767 -3318 -3506 -3409 -3350 -3477 -3569 -3764 -3789 -3354 -3444 -4079 -3966 -3662 -3702 -4095
-4050 -4092 -4131 -4163 -4187 -4131 -3979 -4002 -4052 -4125 -4196 -4200 -4215 -4206 -4190 -4089 -4053 -4028 -3995 -4084 -4080 -3821 -3726 -3774 -3590 -3805 -4093 -3350 -2986 -3842 -4176 -4129 -4105 -4169 -4230 -4118 -4034 -4023 -4008 -3920 -3793 -3590 -3736 -3670 -3495 -3472 -3505 -3502 -3550 -3583 -3565 -3524 -3512 -3607 -3482 -3518 -3470 -3311 -3255 -3176 -3105 -3130 -3223 -3004 -2747 -2453 -2439 -2585 -3266 -3462 -3333 -3408 -3438 -3350 -3643 -3834 -3646 -3745 -4008 -3841 -3604 -3762 -4204
-4073 -4108 -4176 -4215 -4206 -4131 -3947 -4024 -3990 -4061 -4145 -4187 -4218 -4204 -4179 -4183 -4135 -4097 -4059 -4071 -4188 -3864 -3628 -3693 -3395 -2806 -2891 -3185 -2989 -3373 -4099 -4130 -4109 -4103 -4121 -4128 -4117 -4087 -4053 -3938 -3654 -2824 -3589 -3247 -3415 -3505 -3553 -3612 -3606 -3510 -3479 -3463 -3470 -3481 -3443 -3458 -3410 -3393 -3369 -3265 -3153 -3125 -3159 -3057 -2577 -2565 -2645 -2644 -3076 -3114 -3069 -3155 -3187 -3251 -3558 -3749 -3833 -3802 -3812 -3927 -3820 -3805 -4124
-4187 -4179 -4124 -4156 -4113 -4111 -4154 -4166 -4168 -4161 -4158 -4173 -4172 -4181 -4194 -4145 -4094 -4063 -4015 -3957 -4114 -3779 -3653 -3689 -3612 -2800 -2792 -3114 -2972 -3172 -3316 -3788 -4079 -4046 -4058 -4086 -4010 -3853 -3855 -3759 -3632 -3532 -3540 -3457 -3562 -3630 -3638 -3713 -3624 -3494 -3467 -3390 -3420 -3408 -3256 -3307 -3236 -3243 -3256 -3228 -3215 -3193 -3184 -3207 -3076 -2950 -3047 -2972 -3045 -3075 -3091 -3328 -3478 -3344 -3593 -3801 -3928 -3882 -3865 -4019 -4088 -4293 -4445
-4238 -4220 -4093 -4039 -4103 -4123 -4117 -4135 -4186 -4229 -4241 -4248 -4206 -4207 -4210 -4189 -4125 -4099 -3837 -3615 -3868 -3794 -3699 -3672 -3781 -3723 -3810 -3793 -3354 -3301 -2985 -2964 -3610 -3908 -3926 -3912 -3693 -3448 -3446 -3388 -3359 -3441 -3436 -3332 -3419 -3402 -3551 -3643 -3500 -3467 -3417 -3282 -3323 -3242 -3019 -3127 -3115 -3086 -3167 -3231 -3261 -3293 -3269 -3361 -3426 -3387 -3320 -3288 -3352 -3430 -3483 -3578 -3772 -3675 -3638 -3874 -4028 -4060 -4194 -4144 -4046 -4254 -4649
-4180 -4227 -4137 -4060 -4280 -4292 -4153 -4165 -4281 -4281 -4256 -4236 -4200 -4236 -4174 -4173 -4153 -4103 -4021 -4012 -3984 -3735 -3354 -3339 -3589 -3883 -3972 -4024 -4088 -4021 -3758 -2988 -2726 -3316 -3446 -3214 -3032 -2903 -2869 -2882 -2720 -2762 -2928 -3028 -3106 -2912 -3089 -3404 -3414 -3420 -3300 -3141 -3115 -3001 -2887 -2937 -3065 -3108 -3148 -3082 -3053 -3189 -3243 -3291 -3356 -3482 -3402 -3483 -3576 -3612 -3727 -3815 -3795 -3897 -3973 -4028 -4139 -4159 -4268 -4340 -4165 -4373 -4756
-4221 -4220 -4156 -4060 -4159 -4119 -4028 -4139 -4340 -4349 -4216 -4216 -4217 -4276 -4238 -4168 -4096 -3884 -3910 -4020 -3958 -3735 -3316 -3221 -3487 -3842 -3911 -3772 -3892 -4055 -4185 -4075 -3582 -3327 -2646 -2036 -2217 -2496 -2334 -2154 -2260 -2207 -2336 -2545 -2510 -2250 -2359 -3025 -3280 -3260 -3075 -2861 -2826 -2742 -2741 -2786 -2888 -2817 -2864 -2892 -2833 -2946 -3064 -3096 -3116 -3329 -3516 -3615 -3626 -3702 -3944 -4132 -3942 -3981 -4150 -4133 -4193 -4212 -4263 -4397 -4374 -4507 -4540
-4227 -4196 -4255 -4215 -4189 -4152 -4275 -4278 -4260 -4241 -4081 -4164 -4329 -4336 -4207 -4103 -4051 -3802 -3777 -3905 -3961 -3852 -3610 -3418 -3600 -3713 -3797 -3850 -3573 -3330 -3674 -3941 -4227 -4256 -3564 -2048 -1285 -1410 -1629 -1676 -1841 -1640 -1752 -2167 -2370 -2600 -2638 -2945 -3089 -3044 -2912 -2705 -2602 -2673 -2722 -2851 -2859 -2758 -2832 -2910 -2917 -3009 -2996 -2993 -3169 -3496 -3746 -3756 -3655 -3583 -3858 -4072 -3914 -3978 -3949 -3914 -3971 -4117 -4121 -4272 -4360 -4316 -4112
-4120 -4193 -4265 -4211 -4127 -4251 -4356 -4263 -4254 -4275 -4206 -4344 -4469 -4337 -4053 -3986 -4017 -3881 -3703 -3841 -4085 -4048 -3805 -3697 -3712 -3411 -3754 -3952 -3681 -3456 -3621 -3601 -3705 -4215 -4338 -3818 -2639 -1278 -789 -528 -662 -1055 -1602 -2137 -2412 -2753 -2863 -2878 -2841 -2777 -2708 -2579 -2613 -2768 -2789 -2915 -2979 -3017 -3031 -2949 -2947 -2994 -2977 -3100 -3490 -3771 -3828 -3652 -3463 -3487 -3790 -3977 -3932 -3879 -3764 -3972 -4021 -3912 -3974 -4285 -4373 -4258 -4033
-4236 -4279 -4326 -4268 -4162 -4375 -4397 -4311 -4357 -4337 -4361 -4453 -4336 -4207 -4124 -4032 -3813 -3714 -3680 -3966 -4135 -4004 -3810 -3863 -3713 -3123 -3446 -3819 -3674 -3647 -3806 -3852 -3679 -3848 -4311 -4546 -4683 -4134 -3389 -2027 -653 -252 -859 -1712 -2185 -2441 -2601 -2462 -2495 -2656 -2558 -2637 -2815 -2786 -2740 -2866 -3034 -2999 -2967 -2990 -3010 -2969 -3100 -3278 -3581 -3845 -3695 -3389 -3376 -3581 -3857 -3845 -3774 -3845 -3934 -4127 -3990 -3856 -4121 -4452 -4385 -4245 -3974
-4315 -4358 -4387 -4380 -4304 -4335 -4338 -4353 -4365 -4348 -4446 -4379 -4206 -4066 -4220 -4079 -3744 -3602 -3727 -4061 -3972 -3496 -3596 -3890 -3750 -3340 -3353 -3642 -3591 -3586 -3629 -3763 -3942 -3966 -4136 -4406 -4574 -4852 -4900 -4685 -4227 -3216 -2058 -1037 -966 -1242 -1762 -1967 -2185 -2488 -2519 -2591 -2811 -2748 -2734 -2914 -3074 -3097 -2979 -3006 -3022 -2967 -3158 -3396 -3512 -3860 -3769 -3433 -3458 -3697 -3941 -3885 -3816 -3936 -3998 -4037 -3974 -3961 -4199 -4382 -4373 -4328 -4112
-4528 -4430 -4309 -4397 -4349 -4240 -4314 -4415 -4387 -4387 -4376 -4348 -4246 -4247 -4350 -4308 -4209 -4096 -4198 -4283 -3995 -3750 -3876 -3968 -3872 -3498 -2763 -2843 -3271 -3332 -3020 -2958 -3316 -3602 -3902 -4263 -4493 -5002 -5174 -5090 -5202 -5191 -4728 -3830 -3237 -2098 -1427 -1772 -2034 -2252 -2449 -2429 -2637 -2714 -2738 -2974 -3037 -3065 -2967 -2981 -3047 -3028 -3146 -3363 -3500 -3968 -3860 -3579 -3666 -3795 -3986 -4115 -4004 -3979 -3971 -4039 -4038 -3993 -4203 -4379 -4340 -4325 -4354
-4458 -4239 -4098 -4319 -4407 -4391 -4292 -4274 -4294 -4311 -4327 -4401 -4412 -4412 -4425 -4444 -4467 -4319 -4298 -4317 -4020 -3844 -3926 -3845 -3387 -2726 -1866 -1625 -1993 -2476 -2679 -2559 -2458 -2482 -2618 -3001 -3518 -4402 -5040 -4983 -4915 -5051 -5195 -5150 -4990 -4057 -2351 -1553 -1708 -2039 -2392 -2509 -2590 -2674 -2766 -3050 -3052 -3029 -3028 -3061 -3130 -3118 -3156 -3260 -3468 -3932 -3755 -3625 -3740 -3750 -3840 -4046 -3950 -3881 -3974 -4022 -3944 -3873 -4079 -4411 -4348 -4256 -4389
-4167 -4214 -4094 -4205 -4430 -4475 -4439 -4495 -4408 -4552 -4661 -4694 -4620 -4503 -4424 -4449 -4468 -4382 -4282 -4161 -4096 -4136 -3943 -3624 -3089 -2778 -2726 -2784 -2965 -3245 -3171 -2818 -2851 -2944 -2808 -2560 -2247 -2655 -3719 -4264 -4596 -4847 -5017 -4981 -5019 -4811 -3948 -2938 -1890 -2011 -2318 -2417 -2491 -2604 -2698 -2919 -3046 -3127 -3069 -3058 -3077 -3113 -3139 -3239 -3575 -3978 -3856 -3792 -3915 -3910 -3758 -3859 -4070 -4263 -4426 -4537 -4292 -4050 -4121 -4468 -4461 -4332 -4715
-4042 -4248 -4278 -4229 -4393 -4486 -4522 -4549 -4424 -4333 -4374 -4558 -4704 -4549 -4441 -4588 -4404 -4059 -3886 -3746 -3969 -4173 -3940 -3740 -3544 -3483 -3653 -3738 -3790 -3718 -3458 -3165 -3299 -3295 -3062 -2769 -2315 -2100 -2287 -2699 -3336 -3859 -3914 -4051 -4504 -4787 -4865 -4498 -3619 -2696 -2198 -2260 -2281 -2505 -2655 -2858 -2978 -3030 -3084 -3131 -3194 -3196 -3089 -3199 -3589 -3935 -4017 -4148 -4217 -4204 -4182 -4193 -4542 -4857 -4841 -4842 -4916 -4697 -4687 -4809 -4731 -4874 -5012
-3863 -4029 -4226 -4138 -4047 -4097 -4417 -4369 -3885 -3302 -3215 -3712 -4217 -4413 -4114 -4358 -4059 -3212 -2313 -1839 -2222 -3348 -3835 -3866 -3898 -3837 -3885 -3816 -3761 -3708 -3415 -3408 -3518 -3221 -3048 -2959 -2674 -2616 -2374 -2028 -2075 -2328 -2619 -3508 -4197 -4580 -4930 -5261 -5161 -4192 -2991 -2290 -2172 -2344 -2524 -2629 -2857 -2949 -3079 -3187 -3249 -3171 -3108 -3277 -3644 -3909 -3998 -4316 -4440 -4435 -4664 -4695 -4623 -4616 -4602 -4760 -4764 -4628 -4639 -4717 -4542 -4554 -4561
-4054 -4296 -4566 -4402 -4465 -4199 -4520 -4541 -4518 -4346 -4262 -4440 -4441 -3600 -3533 -3699 -3701 -3645 -3241 -2896 -2998 -3675 -3992 -3956 -4014 -4014 -4051 -3928 -3817 -3719 -3524 -3563 -3609 -3237 -2985 -2991 -2908 -3056 -2929 -2535 -2541 -2558 -2202 -2719 -3407 -3801 -4438 -4928 -5217 -5191 -4637 -3777 -3303 -3262 -3246 -2920 -2982 -3046 -3118 -3294 -3280 -3300 -3263 -3434 -3663 -3806 -3912 -4139 -4225 -4252 -4433 -4474 -4277 -4264 -4174 -4309 -4432 -4282 -4298 -4409 -4299 -4216 -4198
-4574 -4553 -4554 -4559 -4686 -4853 -4969 -4859 -4821 -4892 -4991 -5076 -5003 -4697 -4789 -4693 -4412 -4262 -4141 -4077 -4123 -4185 -4225 -4168 -4158 -4222 -4194 -4018 -3914 -3800 -3833 -3738 -3594 -3492 -3569 -3542 -3424 -3326 -3287 -3013 -3043 -3142 -3031 -3105 -2877 -2739 -3656 -4408 -4865 -5185 -5351 -5127 -4731 -4482 -4522 -4176 -3765 -3446 -3359 -3515 -3656 -3793 -3805 -3843 -3771 -3650 -3685 -3935 -3921 -3933 -4311 -4297 -4109 -4053 -3986 -4001 -4253 -4258 -4274 -4359 -4326 -4313 -4105
-4478 -4539 -4419 -4565 -4662 -4585 -4322 -4259 -4250 -4204 -4233 -4287 -4455 -4471 -4556 -4707 -4540 -4322 -4171 -4203 -4281 -4234 -4262 -4326 -4196 -4164 -4059 -4047 -4096 -4039 -4013 -3960 -3799 -3822 -3906 -3785 -3671 -3417 -3218 -3240 -3298 -3334 -3443 -3404 -3104 -2741 -2933 -3547 -4218 -4729 -5094 -5160 -5119 -4984 -5027 -5007 -4851 -4491 -4147 -3883 -3957 -4183 -4226 -4420 -4375 -4034 -3792 -3804 -3930 -3891 -4075 -4139 -4066 -3959 -3958 -4032 -3997 -4089 -4187 -4258 -4381 -4329 -4071
-4455 -4365 -4260 -4526 -4505 -3628 -2000 -1688 -2955 -4036 -4250 -4325 -4498 -4294 -4238 -4487 -4465 -4376 -4379 -4420 -4400 -4233 -4142 -4132 -4091 -4148 -4100 -4223 -4268 -4154 -4062 -4052 -4003 -3993 -3902 -3761 -3716 -3757 -3602 -3509 -3470 -3433 -3414 -3369 -3155 -2809 -2524 -2712 -3162 -3776 -4218 -4518 -4824 -4924 -4892 -4897 -5033 -5172 -5172 -4817 -4700 -4938 -5012 -5106 -5208 -5082 -4719 -4366 -4232 -4114 -4074 -4139 -4173 -4235 -4175 -4169 -4114 -3974 -4064 -4216 -4425 -4358 -4183
-4419 -4398 -4424 -4645 -4754 -4221 -2500 -1418 -2363 -3870 -4469 -4517 -4555 -4428 -4435 -4550 -4517 -4440 -4501 -4440 -4398 -4340 -4245 -4159 -4251 -4282 -4251 -4281 -4296 -4294 -4245 -4096 -4048 -4038 -4040 -4004 -3822 -3764 -3628 -3596 -3513 -3384 -3250 -2911 -2659 -2472 -2224 -2234 -2395 -2857 -3248 -3441 -3736 -4102 -4201 -4421 -4648 -4943 -5230 -5200 -5098 -5264 -5479 -5695 -5809 -5826 -5714 -5453 -5291 -5016 -4675 -4692 -4984 -4903 -4711 -4540 -4314 -4349 -4405 -4598 -4763 -4569 -4435
-4400 -4395 -4506 -4691 -4824 -4884 -4539 -4042 -3859 -4075 -4439 -4521 -4550 -4529 -4496 -4493 -4440 -4460 -4499 -4361 -4361 -4415 -4374 -4315 -4365 -4260 -4232 -4327 -4328 -4342 -4365 -4284 -4216 -4166 -4192 -4089 -3939 -3904 -3782 -3563 -3203 -2992 -2768 -2517 -2395 -2478 -2482 -2428 -2378 -2593 -2945 -3083 -3139 -3401 -3547 -3876 -4127 -4280 -4421 -4478 -4613 -4773 -4981 -5363 -5590 -5634 -5662 -5643 -5692 -5560 -5308 -5049 -5002 -5021 -4967 -4925 -4980 -5086 -5070 -4884 -4851 -4656 -4055
-4317 -4417 -4479 -4569 -4610 -4771 -4796 -4799 -4620 -4471 -4491 -4513 -4495 -4417 -4450 -4471 -4440 -4466 -4420 -4374 -4469 -4582 -4496 -4375 -4458 -4455 -4403 -4388 -4389 -4325 -4343 -4397 -4398 -4312 -4305 -4099 -3892 -3814 -3469 -2945 -2731 -2740 -2617 -2623 -2632 -2731 -2633 -2522 -2575 -2614 -2839 -3035 -3019 -3130 -3252 -3481 -3554 -3624 -3634 -3596 -3760 -3957 -4115 -4469 -4841 -4981 -5031 -5032 -5085 -5151 -5116 -4833 -4574 -4379 -4248 -4248 -4169 -4058 -4422 -4723 -4933 -4658 -4358
-4351 -4472 -4293 -4469 -4613 -4583 -4642 -4807 -4728 -4628 -4519 -4488 -4394 -4352 -4513 -4550 -4469 -4472 -4466 -4523 -4513 -4563 -4491 -4399 -4452 -4424 -4413 -4462 -4484 -4388 -4361 -4403 -4514 -4549 -4473 -3936 -3434 -3450 -3229 -3050 -3073 -3141 -2961 -2880 -3039 -2964 -2716 -2620 -2613 -2617 -2690 -2656 -2759 -3111 -3271 -3317 -3280 -3246 -3261 -3274 -3418 -3622 -3721 -3917 -4184 -4493 -4815 -4879 -4615 -4601 -4758 -4712 -4394 -4113 -4070 -4143 -3863 -3135 -3161 -4129 -4751 -4589 -4444
-4446 -4431 -4148 -4306 -4486 -4250 -4341 -4660 -4740 -4697 -4543 -4483 -4404 -4293 -4409 -4343 -4325 -4489 -4421 -4602 -4682 -4579 -4519 -4370 -4344 -4445 -4384 -4484 -4541 -4504 -4482 -4575 -4711 -4500 -4128 -3453 -3417 -3650 -3597 -3605 -3428 -3392 -3161 -3084 -3278 -3026 -2751 -2729 -2605 -2598 -2695 -2669 -2777 -2936 -3014 -3083 -3150 -3131 -3125 -3262 -3386 -3425 -3593 -3792 -3893 -4180 -4699 -4855 -4583 -4502 -4694 -4600 -4270 -4068 -4055 -4126 -4116 -3914 -3743 -4219 -4585 -4455 -4381
