Challenge_3/RasterMaps/South_America.asc
NCOLS        806
NROWS        908
XLLCENTER    -89.825000000000
YLLCENTER    -59.541666666667
CELLSIZE     0.08333333333334
NODATA_VALUE -9999
[rows 108 to 143 of 908, columns 581 to 663 of 806]
-4679 -4782 -4836 -4875 -4804 -4663 -4628 -4696 -4608 -4628 -4592 -4575 -4447 -4569 -4524 -4415 -4517 -4478 -4521 -4677 -4537 -4469 -4649 -4566 -4111 -3956 -3868 -3761 -4280 -4172 -4027 -4187 -4381 -4419 -4323 -4365 -4492 -4361 -4365 -4340 -4461 -4285 -4286 -4321 -4218 -4371 -4419 -4381 -4280 -4237 -4305 -4076 -4166 -4237 -4149 -4035 -3778 -3751 -3863 -4004 -4058 -4258 -4403 -4461 -4441 -4494 -4545 -4535 -4370 -4345 -4360 -4137 -4263 -3859 -3665 -3575 -3231 -2755 -3126 -3722 -3898 -3735 -3372
-4745 -4763 -4821 -4852 -4819 -4792 -4787 -4770 -4540 -4650 -4481 -4294 -4323 -4621 -4648 -4573 -4755 -4670 -4669 -4632 -4590 -4497 -4615 -4490 -4408 -4472 -4272 -4150 -4299 -4171 -4014 -3996 -4091 -4004 -3972 -4308 -4400 -4116 -4567 -4474 -4320 -4240 -4271 -4293 -4241 -4350 -4407 -4471 -4496 -4411 -4464 -4153 -4137 -4313 -3991 -3844 -3772 -3657 -3860 -3901 -3804 -3886 -3809 -3751 -3557 -3578 -3568 -3723 -3412 -3395 -3367 -3248 -3450 -2713 -2666 -2992 -3192 -3056 -3029 -3378 -2872 -2780 -2902
-4568 -4685 -4653 -4646 -4695 -4751 -4659 -4614 -4387 -4476 -4528 -4642 -4611 -4562 -4484 -4512 -4682 -4690 -4622 -4548 -4500 -4423 -4510 -4488 -4633 -4669 -4442 -4594 -4724 -4426 -4222 -4110 -4110 -4014 -3972 -4070 -4078 -4091 -4329 -4317 -3768 -3703 -4112 -4181 -4207 -4423 -4445 -4378 -4471 -4355 -4246 -3727 -3710 -3810 -3085 -3001 -3332 -3347 -3575 -3531 -3251 -3510 -3656 -3396 -3341 -3647 -3751 -3779 -3524 -3695 -3656 -3752 -3877 -3399 -3611 -3934 -3961 -3744 -3497 -3692 -3564 -3521 -3721
-4587 -4665 -4616 -4540 -4482 -4405 -4481 -4405 -4134 -4027 -4222 -4622 -4681 -4444 -4342 -4395 -4523 -4416 -4331 -4272 -4037 -4374 -4446 -4522 -4723 -4658 -4597 -4647 -4798 -4675 -4593 -4528 -4681 -4488 -4470 -4386 -4317 -4322 -4362 -4267 -4172 -4080 -3925 -3934 -4086 -4206 -4282 -4475 -4500 -4510 -4522 -4261 -4259 -4252 -3939 -3779 -3813 -3920 -4010 -3809 -3416 -3471 -3593 -3598 -3722 -4148 -4112 -4033 -3859 -4278 -4208 -4262 -4341 -4090 -4133 -4203 -3966 -3645 -3636 -3554 -3779 -3846 -3886
-4570 -4711 -4586 -4514 -4645 -4545 -4544 -4371 -4153 -3999 -4148 -4382 -4491 -4442 -4424 -4539 -4473 -4334 -4229 -4262 -4291 -4588 -4441 -4525 -4948 -4862 -4928 -4879 -4781 -4632 -4835 -4734 -4725 -4599 -4537 -4628 -4583 -4702 -4572 -4447 -4457 -4272 -4064 -4077 -4027 -3897 -3857 -4134 -4462 -4413 -4462 -4549 -4585 -4583 -4582 -4435 -4325 -4378 -4374 -4254 -4040 -4057 -4092 -4251 -4292 -4490 -4408 -4335 -4371 -4574 -4297 -4232 -4310 -4085 -3956 -4012 -3881 -3654 -3820 -3610 -3685 -3717 -3691
-4530 -4678 -4703 -4620 -4535 -4656 -4576 -4566 -4455 -4451 -4437 -4339 -4360 -4505 -4633 -4684 -4576 -4336 -4179 -4254 -4439 -4796 -4583 -4712 -4960 -4713 -4684 -4896 -4797 -4750 -4772 -4718 -4703 -4575 -4512 -4503 -4269 -4651 -4537 -4494 -4441 -4308 -4238 -4133 -4145 -4096 -3918 -3968 -4193 -4065 -4008 -4085 -4309 -4379 -4436 -4231 -4301 -4474 -4393 -4449 -4296 -3983 -4325 -4477 -4415 -4443 -4392 -4379 -4529 -4396 -4068 -4108 -4129 -3984 -3907 -3957 -3990 -3856 -3640 -3588 -3522 -3255 -3119
-4554 -4717 -4761 -4649 -4410 -4710 -4562 -4692 -4571 -4506 -4574 -4520 -4514 -4686 -4787 -4584 -4580 -4566 -4324 -4496 -4698 -4857 -4763 -4832 -4798 -4578 -4502 -4756 -4763 -4525 -4550 -4560 -4653 -4676 -4698 -4463 -4422 -4612 -4490 -4542 -4484 -4535 -4424 -4207 -4270 -4165 -4152 -3933 -3931 -4101 -4023 -3864 -4170 -4064 -3999 -3892 -3864 -4187 -4275 -4329 -4290 -4166 -4335 -4265 -4312 -4378 -4272 -4262 -4240 -3924 -3901 -4183 -3922 -3780 -3642 -3690 -3862 -3717 -3443 -3260 -2996 -2911 -3087
-4661 -4724 -4666 -4631 -4522 -4517 -4523 -4708 -4592 -4520 -4549 -4687 -4677 -4632 -4556 -4508 -4524 -4644 -4447 -4572 -4572 -4758 -4822 -4833 -4787 -4501 -4459 -4643 -4810 -4805 -4701 -4646 -4656 -4713 -4893 -4646 -4605 -4731 -4581 -4593 -4561 -4640 -4555 -4534 -4459 -4185 -4239 -3948 -3885 -4258 -4137 -3888 -4319 -4117 -3876 -3737 -3737 -3812 -3890 -3901 -3732 -3786 -4001 -3903 -4109 -4104 -4005 -4165 -4087 -3896 -4105 -4142 -3755 -3808 -3542 -3660 -3654 -3802 -3724 -3665 -3554 -3138 -3465
-4686 -4746 -4610 -4449 -4524 -4509 -4600 -4739 -4626 -4523 -4447 -4548 -4645 -4609 -4505 -4623 -4444 -4578 -4475 -4479 -4437 -4674 -4615 -4574 -4715 -4542 -4453 -4765 -4928 -4911 -4756 -4743 -4736 -4688 -4782 -4698 -4859 -4955 -4744 -4651 -4529 -4594 -4554 -4535 -4552 -4496 -4478 -4305 -4126 -4345 -4286 -4026 -4388 -4330 -4039 -3805 -3960 -4077 -3754 -3641 -3522 -3770 -3938 -3732 -3674 -3919 -3747 -3868 -3721 -3510 -4001 -4113 -3688 -3471 -3559 -3966 -3741 -3925 -3988 -3820 -3793 -3238 -3861
-4690 -4682 -4698 -4572 -4672 -4726 -4699 -4689 -4680 -4578 -4407 -4520 -4615 -4499 -4446 -4735 -4465 -4536 -4623 -4329 -4373 -4566 -4543 -4387 -4501 -4794 -4667 -4667 -4748 -4777 -4703 -4604 -4720 -4777 -4785 -4825 -5022 -5078 -4716 -4642 -4662 -4609 -4543 -4380 -4437 -4579 -4608 -4568 -4325 -4574 -4556 -4352 -4414 -4391 -4230 -4086 -4145 -4320 -3904 -4137 -4117 -4046 -4192 -3983 -3664 -4057 -4048 -3951 -3911 -3683 -3889 -4161 -3986 -3626 -3601 -3918 -4038 -3985 -3924 -3574 -3656 -3548 -3783
-4695 -4747 -4717 -4689 -4693 -4728 -4699 -4742 -4652 -4495 -4501 -4579 -4583 -4431 -4377 -4711 -4710 -4594 -4640 -4380 -4254 -4322 -4455 -4413 -4561 -4901 -4678 -4579 -4785 -4678 -4522 -4669 -4718 -4723 -4722 -4777 -4901 -5075 -4751 -4631 -4641 -4691 -4637 -4393 -4519 -4565 -4545 -4602 -4514 -4622 -4547 -4588 -4529 -4505 -4504 -4464 -4484 -4424 -4047 -4334 -4058 -3996 -4312 -4160 -4135 -4385 -4356 -4087 -4091 -3894 -3962 -4160 -4090 -3939 -3624 -3763 -4088 -4133 -4024 -3811 -3963 -3926 -3812
-4688 -4769 -4711 -4640 -4591 -4703 -4685 -4702 -4576 -4607 -4605 -4523 -4546 -4469 -4349 -4652 -4730 -4612 -4716 -4394 -4169 -4272 -4544 -4420 -4551 -4795 -4602 -4535 -4750 -4595 -4416 -4748 -4740 -4628 -4564 -4661 -4695 -4824 -4694 -4796 -4588 -4518 -4528 -4383 -4601 -4559 -4360 -4375 -4490 -4617 -4578 -4555 -4522 -4510 -4606 -4503 -4635 -4552 -4335 -4396 -4211 -4204 -4337 -4171 -4290 -4527 -4427 -4297 -4388 -4128 -4123 -4205 -4021 -3920 -3790 -3804 -4115 -4200 -4064 -3939 -4092 -3877 -3774
-4664 -4732 -4760 -4649 -4633 -4786 -4692 -4649 -4449 -4567 -4689 -4631 -4645 -4620 -4582 -4635 -4589 -4605 -4587 -4366 -4223 -4389 -4684 -4479 -4562 -4632 -4563 -4490 -4611 -4676 -4684 -4945 -4702 -4560 -4510 -4610 -4586 -4632 -4745 -4848 -4586 -4423 -4368 -4386 -4581 -4496 -4404 -4447 -4484 -4563 -4649 -4630 -4524 -4256 -4398 -4412 -4579 -4492 -4340 -4450 -4446 -4404 -4528 -4465 -4542 -4533 -4083 -3895 -4205 -4179 -4113 -4323 -4169 -3969 -4071 -4117 -4281 -4178 -3706 -3612 -3799 -3620 -3475
-4609 -4746 -4845 -4704 -4539 -4562 -4555 -4632 -4612 -4617 -4682 -4837 -4657 -4656 -4731 -4614 -4580 -4532 -4468 -4516 -4389 -4530 -4606 -4510 -4515 -4581 -4511 -4385 -4520 -4673 -4763 -4688 -4681 -4490 -4579 -4693 -4678 -4625 -4614 -4538 -4416 -4577 -4608 -4555 -4587 -4487 -4386 -4471 -4555 -4397 -4224 -4272 -4432 -4414 -4353 -4055 -4100 -4302 -4262 -4496 -4387 -4116 -4260 -4341 -4584 -4464 -3998 -3676 -3994 -3920 -3823 -4343 -4371 -4201 -4252 -4310 -4307 -4135 -3537 -3488 -3703 -3652 -3413
-4508 -4730 -4818 -4712 -4500 -4478 -4557 -4628 -4758 -4750 -4626 -4688 -4650 -4709 -4772 -4720 -4605 -4552 -4568 -4583 -4451 -4587 -4603 -4591 -4608 -4602 -4557 -4507 -4587 -4732 -4682 -4537 -4742 -4571 -4610 -4816 -4632 -4461 -4507 -4508 -4352 -4590 -4871 -4718 -4416 -4361 -4392 -4444 -4589 -4471 -4018 -4105 -4222 -4248 -4236 -4059 -3978 -3955 -3709 -3998 -4088 -3900 -3825 -3848 -4196 -4072 -3891 -4001 -4299 -4092 -3848 -4170 -4342 -4411 -4325 -4231 -4199 -4224 -3965 -3798 -3761 -3746 -3324
-4408 -4510 -4696 -4663 -4728 -4813 -4799 -4872 -4868 -4808 -4677 -4660 -4772 -4807 -4756 -4595 -4549 -4637 -4708 -4591 -4469 -4549 -4538 -4527 -4662 -4581 -4707 -4684 -4609 -4767 -4750 -4765 -4754 -4602 -4627 -4731 -4458 -4469 -4503 -4507 -4466 -4480 -4635 -4594 -4176 -4200 -4464 -4366 -4496 -4432 -4068 -4189 -4256 -4001 -4055 -4220 -4190 -4040 -3786 -3957 -3979 -4012 -4040 -3918 -4170 -4015 -3796 -4152 -4090 -3977 -3985 -4023 -3884 -4000 -4008 -4089 -4119 -3956 -3800 -3694 -3635 -3767 -3456
-4625 -4459 -4674 -4702 -4820 -4901 -4805 -4877 -4800 -4785 -4667 -4695 -4740 -4792 -4737 -4695 -4573 -4619 -4590 -4575 -4583 -4541 -4486 -4663 -4733 -4643 -4678 -4608 -4666 -4659 -4562 -4755 -4938 -4707 -4315 -4685 -4450 -4549 -4618 -4563 -4625 -4525 -4520 -4401 -4303 -4357 -4540 -4235 -4286 -4383 -4077 -4319 -4403 -4165 -4084 -4222 -4170 -4074 -4117 -4153 -4062 -4251 -4321 -4199 -4397 -4231 -4028 -4113 -3799 -3747 -3911 -3881 -3652 -3684 -3554 -3649 -3694 -3959 -3452 -3557 -3725 -3439 -3285
-4702 -4637 -4833 -4712 -4832 -4862 -4741 -4923 -4796 -4833 -4823 -4574 -4617 -4772 -4787 -4439 -4554 -4648 -4419 -4577 -4666 -4623 -4606 -4668 -4711 -4543 -4466 -4500 -4667 -4664 -4470 -4649 -4800 -4828 -4473 -4678 -4516 -4657 -4626 -4665 -4752 -4509 -4536 -4551 -4715 -4728 -4555 -4361 -4373 -4429 -4291 -4440 -4542 -4260 -4112 -4293 -4269 -4168 -4224 -4211 -4176 -4385 -4312 -4279 -4344 -4232 -4378 -4179 -3908 -3889 -3826 -3649 -3633 -3673 -3752 -3758 -3559 -3686 -3723 -3652 -3915 -3545 -3416
-4719 -4694 -4759 -4683 -4861 -4901 -4743 -4918 -4722 -4751 -4788 -4564 -4725 -4762 -4759 -4636 -4548 -4732 -4611 -4674 -4628 -4469 -4622 -4703 -4684 -4435 -4462 -4607 -4725 -4675 -4579 -4616 -4541 -4795 -4736 -4586 -4432 -4609 -4461 -4472 -4559 -4262 -4199 -4406 -4657 -4681 -4247 -4290 -4429 -4465 -4466 -4471 -4493 -4355 -4266 -4487 -4437 -4490 -4539 -4544 -4407 -4380 -4227 -4242 -4158 -4039 -4216 -4084 -3996 -4073 -3812 -3584 -3707 -3817 -3937 -3924 -3679 -3795 -3958 -3777 -3969 -3845 -3611
-4878 -4760 -4681 -4521 -4605 -4803 -4741 -4638 -4465 -4612 -4633 -4509 -4602 -4671 -4639 -4531 -4585 -4702 -4585 -4608 -4623 -4406 -4444 -4552 -4451 -4128 -4307 -4587 -4664 -4681 -4603 -4621 -4659 -4656 -4542 -4608 -4563 -4361 -4355 -4481 -4429 -4255 -4288 -4114 -4221 -4325 -4113 -4183 -4454 -4380 -4434 -4335 -4281 -4239 -4312 -4589 -4468 -4544 -4490 -4302 -4238 -4358 -4356 -4057 -4024 -3952 -3913 -3815 -3816 -3882 -3832 -3649 -3772 -3956 -3961 -4098 -4032 -3858 -4237 -4205 -4006 -4084 -3986
-4859 -4731 -4598 -4556 -4623 -4693 -4772 -4654 -4594 -4548 -4568 -4555 -4567 -4627 -4429 -4491 -4606 -4626 -4411 -4452 -4687 -4546 -4424 -4492 -4469 -4252 -4458 -4569 -4472 -4610 -4652 -4677 -4769 -4579 -4401 -4651 -4612 -4332 -4345 -4544 -4523 -4436 -4524 -4253 -4145 -4158 -4027 -4194 -4497 -4366 -4340 -4281 -4149 -4155 -4272 -4493 -4236 -4188 -4207 -3802 -3840 -4082 -4082 -3605 -3901 -3950 -3990 -3966 -3877 -3832 -4021 -3785 -3815 -3996 -4115 -4223 -4300 -4200 -4298 -4301 -3884 -3998 -4107
-4597 -4660 -4692 -4699 -4554 -4584 -4697 -4684 -4706 -4619 -4574 -4648 -4681 -4652 -4601 -4665 -4675 -4664 -4508 -4595 -4734 -4662 -4598 -4632 -4662 -4685 -4674 -4791 -4579 -4648 -4784 -4760 -4816 -4667 -4501 -4630 -4382 -4429 -4399 -4328 -4683 -4722 -4644 -4589 -4471 -4261 -3969 -4094 -4489 -4402 -4327 -4190 -4209 -4313 -4356 -4438 -3862 -4070 -4276 -3845 -3925 -3971 -3737 -3408 -3774 -3759 -3716 -3951 -3937 -3970 -4212 -4124 -4085 -4021 -4149 -4287 -3991 -3720 -4120 -3781 -3493 -3642 -3705
-4483 -4520 -4550 -4635 -4632 -4643 -4719 -4677 -4692 -4680 -4569 -4624 -4694 -4660 -4683 -4677 -4666 -4668 -4680 -4689 -4651 -4664 -4678 -4673 -4658 -4661 -4688 -4759 -4676 -4741 -4606 -4694 -4818 -4713 -4593 -4616 -4343 -4234 -4319 -4330 -4676 -4565 -4545 -4736 -4789 -4487 -4320 -4222 -4365 -4397 -4375 -4018 -4081 -4197 -3942 -4003 -3905 -4118 -4123 -3836 -3981 -4257 -4032 -3815 -3959 -3911 -3791 -3959 -4045 -4279 -4226 -3859 -3734 -3802 -3931 -4034 -3691 -3451 -3786 -3644 -3549 -3556 -3417
-4600 -4487 -4575 -4708 -4662 -4715 -4716 -4631 -4594 -4678 -4610 -4653 -4682 -4661 -4747 -4785 -4656 -4675 -4704 -4686 -4500 -4580 -4729 -4726 -4699 -4678 -4711 -4443 -4219 -4661 -4256 -4601 -4600 -4751 -4792 -4673 -4665 -4510 -4537 -4541 -4636 -4385 -4405 -4783 -4839 -4411 -4402 -4415 -4413 -4334 -4257 -3947 -4074 -4087 -3841 -4013 -4233 -4092 -4065 -4052 -4111 -4453 -4228 -4159 -4326 -4340 -4326 -4222 -4148 -4392 -4095 -3603 -3598 -3638 -3683 -3793 -3783 -3698 -3623 -3607 -3577 -3449 -3439
-4695 -4616 -4635 -4672 -4661 -4553 -4544 -4548 -4489 -4655 -4689 -4667 -4691 -4584 -4569 -4764 -4674 -4656 -4628 -4661 -4605 -4501 -4502 -4609 -4704 -4664 -4631 -4648 -4478 -4528 -4631 -4827 -4719 -4866 -4854 -4642 -4598 -4771 -4716 -4638 -4648 -4532 -4350 -4568 -4523 -4236 -4088 -4107 -4387 -4380 -4182 -3960 -4144 -4222 -4165 -4237 -4328 -4054 -3872 -4122 -4046 -4265 -3951 -4207 -4475 -4166 -3839 -3675 -3646 -3888 -3774 -3575 -3657 -3667 -3886 -3824 -3763 -3756 -3693 -3587 -3641 -3605 -3513
-4737 -4694 -4688 -4700 -4754 -4621 -4652 -4688 -4711 -4723 -4661 -4703 -4661 -4652 -4427 -4355 -4536 -4574 -4556 -4408 -4422 -4569 -4357 -4308 -4499 -4544 -4518 -4784 -4681 -4677 -4723 -4721 -4715 -4805 -4842 -4646 -4366 -4510 -4576 -4233 -4274 -4491 -4238 -4173 -4119 -4064 -3998 -3811 -3990 -4213 -4165 -4020 -4206 -4134 -3952 -3926 -4074 -4128 -3764 -3875 -4011 -3967 -3901 -4206 -4311 -3830 -3537 -3493 -3550 -3671 -3578 -3517 -3568 -3558 -3790 -3682 -3667 -3753 -3693 -3654 -3783 -3793 -3670
-4696 -4705 -4696 -4675 -4664 -4701 -4686 -4699 -4773 -4747 -4733 -4729 -4646 -4636 -4644 -4562 -4535 -4591 -4595 -4335 -4411 -4641 -4584 -4468 -4535 -4469 -4414 -4144 -4391 -4455 -4528 -4584 -4706 -4761 -4757 -4710 -4488 -4446 -4385 -4193 -4068 -4299 -4433 -4435 -4340 -4184 -4215 -4066 -4105 -4200 -4322 -4321 -4406 -4228 -4089 -4055 -3930 -3875 -3932 -4011 -4017 -3819 -3981 -4009 -4117 -3857 -3749 -3692 -3757 -3720 -3561 -3541 -3547 -3495 -3697 -3780 -3906 -4068 -3865 -3777 -3793 -3819 -3710
-4709 -4764 -4724 -4702 -4692 -4695 -4670 -4620 -4791 -4811 -4694 -4673 -4618 -4522 -4697 -4740 -4660 -4623 -4616 -4648 -4668 -4769 -4691 -4634 -4688 -4609 -4636 -4601 -4512 -4539 -4541 -4571 -4716 -4572 -4456 -4701 -4583 -4507 -4502 -4370 -4167 -4426 -4735 -4549 -4570 -4503 -4432 -4266 -4264 -4440 -4556 -4622 -4379 -4162 -4323 -4358 -4038 -3743 -4178 -4304 -4262 -3990 -3984 -3688 -3914 -3793 -3872 -3794 -3727 -3586 -3574 -3631 -3531 -3626 -3862 -4050 -4011 -3795 -4093 -3944 -3847 -3811 -3482
-4658 -4649 -4690 -4698 -4665 -4714 -4726 -4689 -4479 -4703 -4615 -4581 -4593 -4287 -4553 -4623 -4645 -4528 -4587 -4491 -4638 -4709 -4585 -4565 -4641 -4679 -4689 -4783 -4633 -4624 -4614 -4484 -4533 -4445 -4547 -4796 -4736 -4629 -4496 -4465 -4271 -4436 -4648 -4384 -4375 -4309 -4294 -4393 -4369 -4562 -4602 -4513 -4286 -4107 -4265 -4359 -4182 -3949 -4327 -4333 -4229 -4001 -3953 -3978 -4058 -3786 -3867 -3750 -3791 -3775 -3492 -3551 -3533 -3659 -3904 -4110 -4363 -4062 -4081 -3877 -3763 -3635 -3386
-4787 -4557 -4612 -4673 -4609 -4618 -4555 -4586 -4570 -4659 -4477 -4408 -4590 -4432 -4481 -4556 -4587 -4509 -4519 -4432 -4616 -4638 -4564 -4641 -4622 -4660 -4685 -4762 -4656 -4678 -4678 -4547 -4505 -4635 -4785 -4833 -4841 -4619 -4530 -4445 -4307 -4325 -4348 -4129 -4120 -3991 -3973 -4208 -4067 -4304 -4370 -4048 -3997 -3902 -3908 -4107 -4204 -3953 -4076 -4241 -4010 -3810 -3947 -4127 -4109 -3833 -3923 -3776 -3810 -3754 -3556 -3508 -3519 -3600 -3859 -4094 -4363 -4152 -4005 -3849 -3716 -3611 -3440
-4750 -4411 -4068 -4220 -4325 -4424 -4390 -4673 -4848 -4728 -4661 -4598 -4689 -4553 -4597 -4600 -4501 -4546 -4547 -4501 -4545 -4639 -4634 -4613 -4535 -4564 -4665 -4664 -4588 -4696 -4703 -4570 -4454 -4683 -4610 -4621 -4816 -4634 -4481 -4405 -4423 -4337 -4233 -4072 -4100 -4175 -3957 -3994 -3938 -4077 -4051 -3836 -3856 -3914 -3960 -3928 -3862 -3743 -3894 -4249 -3910 -3703 -3973 -4185 -4183 -4026 -3975 -3687 -3876 -3793 -3632 -3562 -3564 -3571 -3758 -4057 -4133 -3990 -3893 -3966 -3984 -3872 -3832
-4599 -4269 -3933 -4435 -4681 -4572 -4530 -4710 -4801 -4663 -4700 -4650 -4661 -4659 -4648 -4661 -4618 -4521 -4496 -4598 -4608 -4630 -4622 -4404 -4360 -4342 -4438 -4418 -4366 -4663 -4592 -4507 -4402 -4556 -4555 -4301 -4502 -4388 -4449 -4445 -4454 -4422 -4299 -4215 -4255 -4293 -4131 -4091 -4117 -4113 -3969 -3985 -3841 -3897 -4060 -3768 -3687 -3770 -3868 -4050 -3862 -3598 -3792 -4086 -4103 -4007 -3912 -3782 -4223 -4002 -3617 -3770 -3789 -3702 -3602 -3705 -3861 -3866 -3732 -3957 -4014 -3958 -3844
-4502 -4250 -4164 -4560 -4753 -4586 -4619 -4601 -4401 -4557 -4566 -4560 -4557 -4571 -4623 -4746 -4687 -4578 -4618 -4632 -4632 -4613 -4619 -4583 -4358 -4242 -4320 -4287 -4394 -4597 -4451 -4310 -4055 -4419 -4467 -4274 -4359 -4381 -4404 -4263 -4201 -4258 -4261 -4251 -4194 -4186 -4287 -4243 -4140 -4111 -4058 -4142 -3907 -4005 -4082 -3772 -3824 -3978 -3908 -3982 -4028 -3662 -3629 -3793 -3787 -3783 -3910 -4039 -4192 -4090 -3873 -3786 -3641 -3568 -3456 -3457 -3780 -3897 -3635 -3837 -3753 -3855 -3883
-4175 -4358 -4332 -4401 -4588 -4264 -4257 -4440 -4448 -4477 -4370 -4199 -4331 -4565 -4622 -4707 -4697 -4599 -4642 -4653 -4707 -4694 -4666 -4646 -4591 -4536 -4639 -4536 -4529 -4513 -4521 -4398 -4205 -4354 -4265 -4251 -4332 -4283 -4211 -4090 -4148 -4223 -4333 -4093 -3842 -4000 -4285 -4191 -4085 -3999 -4126 -4124 -3930 -4036 -3950 -3853 -3950 -3982 -3766 -3958 -4200 -4015 -3750 -3570 -3455 -3550 -3685 -3886 -4119 -4203 -4201 -3807 -3671 -3513 -3582 -3634 -3905 -3932 -3865 -3965 -3821 -3835 -3860
-3961 -4203 -4259 -4290 -4311 -4369 -3987 -3935 -4371 -4316 -4184 -4096 -4234 -4565 -4527 -4581 -4614 -4598 -4607 -4623 -4666 -4617 -4578 -4616 -4637 -4651 -4644 -4625 -4602 -4613 -4600 -4557 -4550 -4453 -4392 -4403 -4388 -4261 -4262 -4073 -4159 -4114 -4385 -4147 -3839 -4020 -4231 -4089 -3931 -3822 -3799 -4033 -4004 -3925 -3816 -3772 -3972 -3929 -3593 -3805 -4016 -3891 -3659 -3507 -3437 -3491 -3453 -3402 -3533 -3583 -3713 -3571 -3823 -3693 -3760 -3799 -3788 -3948 -3906 -3989 -3906 -3825 -3781
-3878 -3914 -4141 -4271 -4090 -3929 -3840 -3860 -4103 -4167 -4302 -4412 -4402 -4410 -4235 -4276 -4420 -4582 -4652 -4422 -4286 -4426 -4406 -4345 -4506 -4442 -4550 -4611 -4550 -4568 -4600 -4582 -4603 -4631 -4648 -4647 -4636 -4567 -4588 -4531 -4461 -4311 -4163 -4359 -4118 -4262 -4319 -4182 -3961 -3854 -3649 -3945 -3919 -3918 -3863 -3723 -3852 -3791 -3537 -3695 -3690 -3671 -3505 -3499 -3309 -3260 -3354 -3259 -3201 -3087 -3187 -3507 -3795 -3823 -3662 -3801 -3751 -3962 -3993 -3920 -3800 -3649 -3625
