Challenge_3/RasterMaps/South_America.asc
NCOLS        806
NROWS        908
XLLCENTER    -89.825000000000
YLLCENTER    -59.541666666667
CELLSIZE     0.08333333333334
NODATA_VALUE -9999
[rows 0 to 35 of 908, columns 581 to 663 of 806]
-5152 -5287 -5474 -5335 -5412 -5675 -5641 -5139 -4781 -4702 -4590 -4633 -4425 -4520 -4324 -4338 -4767 -4770 -4812 -4921 -4564 -4592 -5008 -5032 -4861 -5030 -5174 -5137 -4725 -4318 -4455 -4578 -4768 -5156 -5372 -5215 -5002 -4930 -5224 -5332 -5444 -5525 -5564 -5097 -4961 -4979 -5017 -5214 -4835 -4494 -4967 -5165 -5258 -5129 -4909 -5075 -4983 -5098 -5048 -4634 -4983 -5144 -4871 -4808 -5084 -5122 -4726 -4543 -4950 -5346 -5408 -5213 -4746 -5144 -5546 -5440 -5237 -5402 -5498 -5220 -5147 -5067 -5259
-4737 -4906 -5133 -5180 -5519 -5801 -5560 -5204 -5152 -5094 -5045 -5072 -4798 -4740 -4413 -4457 -5079 -5313 -5375 -5450 -5013 -4631 -4734 -4792 -4824 -5016 -5044 -4720 -4659 -4638 -4619 -4593 -4531 -4748 -5024 -5374 -5263 -4957 -5201 -5408 -5363 -5072 -5289 -5208 -5134 -5105 -4916 -5050 -4908 -4615 -5019 -4973 -4742 -4799 -4788 -4961 -5149 -5330 -5173 -4793 -4974 -4949 -4078 -3857 -4695 -4832 -4093 -3578 -4295 -4838 -5094 -4205 -2755 -4036 -5471 -5350 -5355 -5455 -5318 -5216 -5268 -5157 -5168
-4997 -5012 -5095 -5011 -5164 -5247 -4997 -4760 -5092 -5395 -5362 -5533 -5700 -5555 -5316 -5191 -5068 -4880 -5104 -5652 -5621 -5176 -5070 -5078 -5164 -5347 -5112 -5041 -5374 -5505 -5324 -5104 -4817 -4633 -4691 -5146 -5127 -4978 -5060 -5215 -5218 -5019 -4989 -5269 -5387 -5391 -5071 -5098 -5040 -5017 -5197 -4948 -4744 -5159 -5208 -5047 -5331 -5490 -5208 -4815 -4849 -4835 -2796 -1858 -3416 -4419 -4461 -4757 -5171 -5166 -5234 -4594 -3085 -4118 -5497 -5347 -5441 -5456 -5229 -5230 -5233 -5233 -5278
-5126 -5235 -5384 -5307 -5030 -4795 -4615 -4903 -5410 -5422 -5504 -5532 -5613 -5767 -5814 -5766 -5307 -4584 -4613 -5286 -5389 -5324 -5775 -5656 -5200 -5473 -5541 -5552 -5741 -5664 -5534 -5515 -5665 -5395 -4988 -4847 -4695 -4809 -5012 -5282 -5367 -5252 -5035 -5349 -5436 -5525 -5558 -5426 -5185 -5283 -5449 -5167 -4922 -5216 -5343 -4996 -4853 -4963 -4985 -4843 -4897 -4536 -1697 -82 -2510 -4738 -5182 -5162 -5408 -5253 -5267 -5484 -5150 -5344 -5715 -5576 -5402 -5324 -5202 -5191 -5280 -5423 -5344
-4664 -4889 -5194 -4995 -4714 -4478 -4495 -5206 -5562 -5025 -5176 -5209 -5210 -5389 -5501 -5590 -5649 -5527 -5405 -5457 -5420 -5369 -5769 -5797 -5695 -5657 -5556 -5468 -5454 -5168 -5110 -5117 -5370 -5559 -5428 -5007 -4801 -4818 -4982 -5282 -5425 -5432 -5238 -5356 -5525 -5647 -5819 -5831 -5636 -5456 -5522 -5367 -4804 -4837 -5233 -4930 -4493 -4648 -4761 -4930 -5068 -4408 -2880 -2225 -3651 -5129 -5254 -5242 -5435 -5173 -5075 -5426 -5510 -5696 -5939 -5759 -5393 -5377 -5346 -5280 -5260 -5339 -5352
-4697 -4810 -4860 -4955 -4780 -4385 -4812 -5534 -5286 -4671 -4907 -5005 -4964 -5029 -4920 -4940 -5044 -5162 -5218 -5205 -5473 -5440 -5197 -5195 -5476 -5659 -5248 -5225 -5251 -4922 -4906 -4879 -4945 -5211 -5437 -5280 -5344 -5328 -4727 -5069 -5289 -5311 -5385 -5428 -5633 -5481 -5412 -5709 -5531 -5126 -5304 -5433 -5100 -5215 -5486 -5058 -4643 -4757 -4753 -5086 -5322 -4996 -4787 -4552 -4371 -5036 -5184 -5319 -5517 -5131 -5191 -5506 -5608 -5583 -5784 -5618 -5374 -5403 -5391 -5378 -5325 -5343 -5485
-4913 -4940 -4860 -4808 -4560 -4595 -5047 -5373 -4967 -4475 -4674 -4662 -4606 -4871 -4587 -4758 -4857 -4730 -4821 -5006 -5104 -5374 -5078 -4880 -5260 -5382 -4974 -5081 -5102 -4820 -4803 -4841 -4837 -4957 -5178 -5184 -5396 -5465 -5036 -4989 -5152 -5424 -5625 -5602 -5705 -5386 -4956 -5039 -4958 -4905 -5302 -5378 -5370 -5500 -5457 -5104 -4896 -4856 -4814 -5056 -5393 -5323 -5267 -5221 -4911 -5126 -5203 -5324 -5550 -5314 -5350 -5543 -5397 -5220 -5418 -5572 -5292 -5197 -5300 -5449 -5448 -5490 -5567
-5062 -5254 -5196 -4894 -4639 -4814 -5131 -5045 -4735 -4466 -4618 -4480 -4574 -4771 -4784 -4998 -4784 -4668 -4802 -4919 -4959 -5311 -5148 -4828 -5108 -5274 -5007 -5016 -5164 -5019 -5049 -5107 -5065 -5015 -5123 -5157 -5259 -5454 -5368 -5070 -5153 -5619 -5768 -5498 -5404 -5076 -4506 -4516 -4726 -5011 -5428 -5266 -5069 -5110 -5290 -5283 -5080 -4932 -4771 -4914 -5232 -5184 -5142 -5269 -5170 -5245 -5275 -5297 -5509 -5378 -5598 -5474 -5257 -5225 -5373 -5434 -5282 -5137 -5248 -5388 -5398 -5463 -5541
-4911 -5206 -5114 -4974 -4985 -4873 -4822 -4632 -4630 -4885 -4943 -4634 -4720 -4860 -4947 -5141 -4870 -4814 -4980 -4995 -5030 -5189 -4982 -4748 -5007 -5337 -5165 -5085 -5235 -5153 -5213 -5240 -5188 -5126 -5164 -4957 -5041 -5125 -5178 -5080 -5132 -5379 -5287 -4933 -4755 -4692 -4531 -4749 -5088 -5285 -5378 -5287 -4856 -4811 -5239 -5230 -5044 -5008 -4948 -5092 -5147 -5045 -5112 -5214 -5214 -5373 -5459 -5395 -5613 -5598 -5242 -5261 -5289 -5184 -5340 -5477 -5466 -5298 -5421 -5498 -5390 -5420 -5597
-4616 -4844 -4977 -5033 -5125 -4913 -4889 -4705 -4772 -5219 -5206 -5006 -4995 -4882 -4879 -4920 -4753 -4831 -5048 -4963 -4918 -4914 -4731 -4724 -4896 -5141 -5153 -5127 -5152 -5023 -5156 -5118 -4972 -5044 -5078 -4901 -4858 -5018 -5320 -5417 -5369 -5056 -4816 -4792 -4641 -4866 -5014 -5218 -5450 -5318 -5043 -5098 -4928 -5130 -5538 -5157 -4917 -5022 -5108 -5108 -4839 -4919 -5029 -5169 -5305 -5469 -5481 -5033 -4898 -5066 -4809 -5069 -5451 -5171 -5138 -5266 -5519 -5558 -5652 -5549 -5430 -5512 -5705
-4799 -4726 -4598 -4833 -4935 -4972 -5030 -5018 -5091 -5352 -5379 -5431 -5360 -5113 -5231 -4926 -4535 -4616 -4727 -4654 -4897 -4761 -4561 -4750 -4725 -4808 -5003 -5047 -4931 -4765 -5079 -5055 -4914 -4925 -4722 -4653 -4667 -5008 -5435 -5383 -5360 -5207 -5139 -5259 -5249 -5666 -5728 -5544 -5451 -5212 -5205 -5133 -5035 -5411 -5678 -5007 -4824 -5223 -5213 -5132 -4959 -4799 -4916 -5403 -5520 -5478 -5533 -5117 -4666 -4984 -4882 -4847 -5330 -5288 -5265 -5354 -5548 -5677 -5748 -5572 -5484 -5591 -5656
-4887 -4723 -4521 -4556 -4609 -5024 -5189 -5285 -5196 -5058 -5112 -5288 -5366 -5312 -5487 -5054 -4644 -4730 -4985 -5014 -5308 -5279 -5043 -4997 -4971 -5052 -5024 -4957 -4662 -4572 -4906 -4739 -4775 -4598 -4498 -4488 -4593 -5000 -5243 -4906 -4974 -5468 -5829 -5938 -5852 -5936 -5851 -5461 -5291 -5253 -5493 -5412 -5347 -5425 -5368 -4900 -5073 -5514 -5228 -5207 -5317 -4888 -5048 -5648 -5702 -5545 -5562 -5695 -5548 -5703 -5633 -5486 -5766 -5546 -5612 -5625 -5683 -5794 -5873 -5706 -5672 -5719 -5732
-4826 -4824 -4719 -4502 -4418 -4869 -4935 -4912 -4819 -4779 -4705 -4919 -5100 -5091 -5343 -5246 -5108 -4963 -5095 -5049 -5313 -5367 -5414 -5336 -5348 -5210 -4991 -5019 -4870 -4705 -4805 -4584 -4603 -4550 -4533 -4393 -4479 -5003 -5353 -5023 -5206 -5892 -6162 -6005 -5653 -5395 -5243 -5385 -5597 -5500 -5235 -5306 -5573 -5420 -5159 -4999 -5564 -5637 -5275 -5552 -5692 -5328 -5349 -5626 -5721 -5623 -5418 -5570 -5665 -5778 -5746 -5795 -6000 -5762 -5715 -5788 -5954 -6006 -5959 -5633 -5648 -5795 -5887
-4601 -4757 -4761 -4589 -4416 -4719 -4679 -4414 -4682 -5019 -4950 -5111 -4975 -4948 -5267 -5399 -5324 -5290 -5134 -4924 -4929 -4765 -5169 -5438 -5397 -5067 -5044 -5327 -5308 -5073 -4933 -4907 -4902 -4995 -4830 -4618 -4851 -5420 -5637 -5592 -5788 -5796 -5552 -5275 -4969 -4911 -4977 -5463 -5635 -5443 -5170 -5387 -5655 -5382 -5320 -5390 -5963 -5748 -5434 -5583 -5754 -5781 -5687 -5614 -5592 -5650 -5439 -5415 -5475 -5614 -5530 -5708 -5895 -5850 -5860 -5998 -5925 -5987 -5741 -5505 -5727 -5872 -5901
-4455 -4613 -4734 -4697 -4523 -4783 -4518 -4430 -4829 -4931 -4968 -5146 -4874 -4873 -5205 -5342 -5224 -5040 -4880 -4970 -4920 -4459 -5008 -5229 -5192 -5053 -5222 -5585 -5360 -5415 -5478 -5597 -5561 -5536 -5312 -5368 -5516 -5536 -5473 -5588 -5353 -5159 -4885 -4999 -4983 -4968 -5245 -5566 -5332 -5359 -5560 -5664 -5737 -5565 -5611 -5565 -5827 -5676 -5718 -5611 -5304 -5672 -5875 -5647 -5446 -5712 -5520 -5575 -5586 -5721 -5481 -5853 -5986 -5858 -5740 -5865 -6068 -6042 -5708 -5606 -5935 -5764 -5423
-4247 -4385 -4601 -4597 -4510 -4788 -4670 -4511 -4837 -4746 -4755 -4867 -4857 -4901 -5112 -5161 -5180 -4970 -4888 -5167 -4988 -4578 -5090 -5133 -4921 -5006 -5323 -5563 -5429 -5379 -5459 -5412 -5417 -5505 -5513 -5616 -5623 -5483 -5185 -5379 -5072 -5110 -5096 -5378 -5486 -5379 -5461 -5608 -5248 -5626 -6083 -5742 -5566 -5866 -5841 -5347 -5475 -5519 -5758 -5806 -5423 -5886 -5918 -5586 -5651 -5715 -5585 -5686 -6002 -5969 -5784 -6010 -6106 -5708 -5585 -5973 -5942 -5739 -5531 -5548 -5859 -5555 -5281
-4415 -4484 -4589 -4597 -4407 -4611 -4619 -4565 -4734 -4650 -4755 -4849 -4879 -5008 -5155 -5241 -5088 -4731 -4827 -4972 -4748 -4606 -4978 -4934 -4770 -4969 -5155 -5180 -5570 -5694 -5471 -5377 -5386 -5437 -5424 -5585 -5638 -5557 -5433 -5408 -5226 -5276 -5399 -5415 -5606 -5555 -5712 -5651 -5455 -6002 -6649 -6223 -5843 -5850 -5535 -5134 -4982 -5091 -5460 -5744 -5622 -5907 -5684 -5390 -5552 -5378 -5221 -5416 -5626 -5374 -5396 -5630 -5182 -4706 -5185 -5864 -5891 -5771 -5301 -5233 -5515 -5549 -5634
-4905 -4995 -5008 -4750 -4621 -4583 -4567 -4635 -4700 -4656 -4745 -4790 -4750 -4855 -4883 -5108 -4829 -4703 -4880 -4826 -4793 -4884 -5014 -4845 -4781 -5054 -4920 -5237 -5367 -5519 -5458 -5572 -5442 -5468 -5385 -5504 -5668 -5547 -5552 -5582 -5426 -5516 -5627 -5582 -5640 -5557 -5637 -5616 -5067 -5406 -5965 -5344 -4893 -4682 -4844 -4986 -4931 -4871 -5196 -5441 -5523 -5811 -5498 -5368 -5345 -5154 -5119 -5207 -5225 -4943 -5080 -5595 -5323 -5058 -5626 -6061 -6130 -6203 -6093 -6016 -5803 -5645 -5609
-5200 -5176 -5315 -5247 -5074 -4831 -4675 -4713 -4802 -4819 -4803 -4767 -4738 -4688 -4452 -4803 -4853 -5004 -5240 -5037 -5069 -5213 -5269 -5046 -4809 -5273 -5195 -5174 -5110 -5239 -5342 -5374 -5213 -5342 -5268 -5336 -5463 -5391 -5419 -5524 -5458 -5552 -5676 -5707 -5660 -5364 -5122 -4969 -4357 -4239 -4682 -4775 -4837 -4847 -5268 -5619 -5838 -5738 -5639 -5773 -6051 -6199 -6001 -5945 -5777 -5882 -6044 -6062 -6161 -6161 -6065 -6575 -6738 -6542 -6826 -6761 -6329 -6515 -6605 -6479 -6330 -6409 -6285
-5154 -5004 -5082 -5211 -5107 -4873 -5135 -5075 -4999 -5006 -4964 -4947 -4786 -4873 -4697 -4737 -4749 -4840 -5074 -4769 -4439 -4669 -5103 -5132 -4806 -5018 -5346 -5514 -5226 -5080 -5186 -5218 -5111 -5190 -5145 -5161 -5298 -5265 -5272 -5452 -5512 -5438 -5568 -5682 -5488 -4735 -4383 -4830 -5393 -5631 -5634 -5768 -5862 -5700 -5842 -6021 -6191 -6107 -5864 -6001 -6200 -6193 -5988 -5985 -5909 -6173 -6394 -6383 -6393 -6200 -5848 -6233 -6382 -5996 -6443 -6420 -5858 -6189 -6559 -6632 -6379 -6582 -6470
-4833 -4704 -4688 -4954 -4894 -5201 -5487 -5225 -5082 -5181 -5017 -5110 -4668 -4992 -5044 -4948 -4742 -4580 -4679 -4269 -3782 -4280 -4971 -5266 -5318 -5327 -5323 -5537 -5299 -5124 -5193 -5173 -5185 -5139 -5100 -5104 -5309 -5236 -5093 -5335 -5580 -5442 -5542 -5633 -5393 -4810 -5084 -5966 -6741 -6813 -6218 -5918 -5814 -5635 -5549 -5599 -5711 -5654 -5577 -5733 -5886 -5919 -5600 -5550 -5591 -5630 -5766 -5889 -5773 -5410 -5356 -5821 -5739 -5278 -5741 -5710 -5050 -5583 -6404 -6444 -5944 -5635 -5788
-4491 -4208 -4286 -4680 -4748 -4978 -5003 -4908 -4818 -5092 -5029 -4720 -4713 -5132 -5152 -5124 -5177 -5050 -5230 -5068 -4808 -5116 -5260 -5274 -5320 -5403 -5478 -5543 -5452 -5555 -5605 -5462 -5543 -5619 -5513 -5572 -5692 -5627 -5455 -5673 -5880 -5667 -5681 -5651 -5537 -5251 -5668 -6002 -6168 -5984 -5668 -5484 -5449 -5413 -5338 -5414 -5623 -5542 -5471 -5434 -5713 -5768 -5365 -5286 -5430 -5347 -5381 -5601 -5506 -5504 -5624 -5834 -5892 -5891 -6161 -6174 -5808 -5906 -6290 -5975 -5393 -5475 -5882
-4664 -4330 -4460 -4531 -4562 -4714 -4686 -4906 -4609 -4493 -4634 -4679 -4784 -4963 -4796 -5010 -5004 -5101 -5392 -5357 -5325 -5482 -5511 -5400 -5373 -5488 -5643 -5606 -5577 -5858 -5958 -5671 -5590 -5735 -5638 -5837 -5825 -5780 -5778 -5883 -5951 -5719 -5826 -5786 -5449 -5132 -5320 -5584 -5566 -5510 -5528 -5406 -5404 -5366 -5267 -5423 -5524 -5493 -5471 -5497 -5733 -5619 -5355 -5308 -5388 -5292 -5334 -5534 -5515 -5821 -6088 -6018 -5848 -6045 -6196 -6232 -6120 -6021 -6239 -6048 -5551 -5504 -5656
-4757 -4641 -4655 -4554 -4599 -4855 -4722 -4616 -4515 -4498 -4736 -4824 -4591 -4551 -4490 -4522 -4548 -4878 -4875 -4728 -4802 -5246 -5235 -5233 -5214 -5471 -5570 -5524 -5640 -5963 -5964 -5594 -5404 -5334 -5313 -5528 -5629 -5780 -5899 -5855 -5798 -5606 -5508 -5560 -5281 -5106 -5165 -5516 -5446 -5346 -5389 -5365 -5533 -5541 -5418 -5608 -5587 -5428 -5405 -5530 -5562 -5508 -5557 -5627 -5551 -5486 -5432 -5532 -5562 -5907 -6190 -5966 -5516 -5532 -5604 -5484 -5618 -5678 -5855 -6022 -5961 -5809 -5721
-4432 -4658 -4733 -4789 -4811 -4986 -4916 -4598 -4702 -4644 -4962 -4995 -4516 -4422 -4537 -4535 -4461 -4739 -4708 -4754 -4811 -4786 -4911 -4905 -4772 -5092 -5285 -5270 -5336 -5362 -5392 -5311 -5125 -5140 -5291 -5327 -5325 -5690 -5821 -5575 -5507 -5395 -5312 -5399 -5149 -5157 -5275 -5490 -5357 -5197 -5180 -5303 -5507 -5497 -5452 -5569 -5634 -5339 -5279 -5451 -5546 -5587 -5526 -5543 -5470 -5564 -5491 -5611 -5633 -5885 -5978 -5579 -5181 -5059 -5205 -5098 -5196 -5320 -5417 -5762 -6112 -6026 -6062
-4375 -4704 -4880 -4862 -4685 -4695 -4787 -4643 -4593 -4977 -5156 -4934 -4385 -4401 -4617 -4679 -4694 -4820 -4766 -4797 -4903 -4848 -4836 -4897 -4875 -4856 -5074 -5101 -5137 -5004 -4888 -4961 -4762 -4899 -5193 -5148 -5050 -5512 -5637 -5348 -5337 -5264 -5242 -5390 -5240 -5196 -5376 -5503 -5364 -5208 -5111 -5226 -5400 -5473 -5484 -5530 -5530 -5212 -5204 -5444 -5473 -5518 -5441 -5319 -5415 -5713 -5825 -5941 -5762 -5760 -5630 -5336 -5275 -5227 -5604 -5758 -5726 -5831 -5806 -5780 -5828 -5753 -5852
-4476 -4709 -4837 -4713 -4584 -4822 -4737 -4670 -4742 -4817 -5166 -4717 -4301 -4384 -4582 -4638 -4779 -4865 -4841 -4814 -4917 -5057 -5080 -4920 -4918 -5101 -4919 -4935 -5014 -5044 -4904 -4911 -4708 -4892 -5117 -5118 -5096 -5475 -5469 -5240 -5243 -5203 -5322 -5343 -5217 -5106 -5304 -5552 -5447 -5364 -5228 -5154 -5362 -5401 -5362 -5707 -5633 -5231 -5291 -5636 -5410 -5436 -5576 -5421 -5545 -5888 -6036 -6044 -5666 -5459 -5446 -5366 -5537 -5731 -6243 -6393 -6146 -6008 -6071 -5830 -5728 -5675 -5658
-4516 -4709 -4720 -4711 -4923 -4642 -4649 -4870 -4957 -4945 -5127 -4674 -4513 -4492 -4709 -4763 -4986 -4980 -4883 -4902 -5011 -5202 -5108 -5073 -5124 -5179 -5188 -4918 -4962 -5056 -5042 -5081 -4948 -5116 -5290 -5231 -5115 -5377 -5431 -5082 -5113 -5155 -5302 -5195 -5168 -5205 -5138 -5364 -5278 -5242 -5210 -4887 -5153 -5319 -5296 -5780 -5908 -5634 -5482 -5744 -5638 -5543 -5581 -5642 -5693 -5777 -5920 -5894 -5353 -5183 -5453 -5632 -6105 -6355 -6417 -6280 -5897 -5832 -5854 -5802 -5874 -5917 -5843
-4742 -4889 -4598 -4760 -5156 -4794 -4734 -5110 -4915 -4945 -5312 -4873 -4864 -4810 -5001 -4930 -4926 -4948 -4924 -4989 -5064 -5186 -5110 -5164 -5208 -5288 -5209 -4947 -4880 -4929 -5054 -5256 -5149 -5124 -5351 -5468 -5226 -5174 -5462 -5098 -4976 -5395 -5340 -5129 -5360 -5365 -5172 -5424 -5398 -5365 -5249 -4915 -5126 -5405 -5660 -5957 -6002 -5946 -5838 -5961 -5929 -5807 -5691 -5676 -5776 -5814 -5731 -5696 -5424 -5490 -5782 -6093 -6465 -6296 -6062 -5952 -5662 -5566 -5848 -5901 -6084 -6244 -6049
-4821 -4848 -4369 -4720 -5223 -5002 -5011 -5102 -4804 -5091 -5324 -4902 -5015 -5097 -4993 -4901 -5022 -5002 -4883 -4929 -5097 -5297 -5223 -5094 -5183 -5224 -5128 -4974 -4776 -4729 -5038 -5345 -5446 -5385 -5631 -5770 -5518 -5232 -5582 -5356 -5030 -5516 -5448 -5154 -5431 -5452 -5390 -5558 -5524 -5587 -5637 -5534 -5572 -5716 -5984 -6035 -5967 -5893 -5778 -5783 -5787 -5911 -6014 -5738 -5743 -6059 -5832 -5670 -5788 -5930 -5983 -6321 -6360 -5863 -5929 -6074 -5814 -5852 -6121 -6107 -6091 -6104 -5982
-4888 -4828 -4869 -5080 -5151 -5088 -5179 -5082 -4808 -4890 -4917 -4965 -5037 -4995 -5133 -4861 -4900 -5065 -4975 -5086 -5255 -5382 -5326 -5106 -5211 -5311 -5232 -5210 -5018 -4974 -5292 -5551 -5531 -5576 -5725 -5814 -5642 -5348 -5584 -5540 -5124 -5398 -5562 -5298 -5488 -5683 -5664 -5717 -5644 -5748 -5973 -5972 -5868 -5904 -6170 -5871 -5463 -5385 -5408 -5425 -5566 -5812 -6158 -6099 -6018 -6242 -5981 -5809 -6018 -5852 -5718 -6229 -6369 -5859 -5798 -6057 -6018 -6028 -6011 -5820 -5742 -5767 -5769
-4624 -4671 -5089 -5200 -5036 -5257 -5304 -4972 -4953 -4954 -5012 -5086 -5009 -5130 -4853 -4843 -4942 -5041 -4907 -5137 -5114 -5053 -5113 -5090 -5408 -5576 -5379 -5454 -5404 -5464 -5778 -5766 -5724 -5656 -5647 -5719 -5717 -5719 -5877 -5903 -5584 -5707 -5972 -5657 -5689 -5872 -5864 -5820 -5689 -5813 -5717 -5589 -5749 -5758 -5737 -5482 -5331 -5302 -5390 -5684 -5785 -5811 -5991 -6037 -6023 -6099 -5911 -6039 -6066 -5773 -5678 -6021 -6299 -5920 -5518 -5869 -6333 -6158 -5744 -5465 -5510 -5741 -5719
-4630 -4611 -4960 -4918 -4640 -5087 -5183 -4982 -5192 -5095 -5029 -4745 -5007 -5325 -5295 -5118 -5143 -4971 -4956 -5231 -4966 -4720 -4759 -5010 -5296 -5487 -5311 -5207 -5457 -5721 -5706 -5539 -5822 -5887 -5626 -5590 -5708 -5756 -6005 -5954 -5865 -5947 -6078 -5948 -5934 -6020 -5817 -5510 -5432 -5619 -5448 -5381 -5493 -5493 -5385 -5299 -5702 -6003 -5960 -6256 -5978 -5679 -5699 -5756 -5750 -5780 -5697 -6016 -6003 -5869 -5773 -5686 -5920 -5839 -5573 -5865 -6495 -6333 -5691 -5535 -5726 -5935 -5746
-4517 -4160 -4371 -4685 -4301 -4768 -4909 -5041 -5194 -4915 -5105 -4443 -4881 -5250 -5100 -5124 -5163 -4849 -4964 -5366 -5143 -4975 -4992 -5080 -4969 -5342 -5404 -5133 -5487 -5613 -5340 -5174 -5459 -5640 -5479 -5606 -5505 -5588 -5410 -5573 -5746 -5846 -5943 -5858 -5444 -5483 -5530 -5362 -5385 -5363 -5267 -5463 -5543 -5618 -5781 -5710 -5957 -5989 -6004 -6302 -5970 -5673 -5716 -5854 -5835 -6024 -5994 -6070 -6008 -5899 -5699 -5615 -5812 -5851 -5916 -5890 -6118 -5926 -5696 -5935 -6265 -6307 -6003
-4296 -3740 -3915 -4434 -4253 -4441 -4317 -4510 -4888 -4666 -4542 -4617 -4785 -4776 -4734 -5036 -5051 -5079 -5107 -5251 -5203 -5239 -5208 -5079 -5017 -5368 -5439 -5204 -5250 -5142 -5110 -5182 -5281 -5246 -5143 -5315 -5467 -5297 -5043 -5445 -5470 -5509 -5507 -5495 -4805 -4692 -5415 -5681 -5514 -5326 -5188 -5568 -5962 -6026 -6172 -6092 -6088 -5550 -5374 -5729 -5808 -5824 -5831 -6023 -6021 -6104 -6087 -6156 -6247 -5900 -5682 -5970 -6041 -5814 -6011 -5944 -5908 -5747 -5702 -5908 -6112 -6256 -6188
-4604 -4337 -4722 -4981 -4981 -4773 -4487 -4538 -4605 -4097 -3994 -4538 -4705 -4561 -4740 -4954 -4936 -5037 -5067 -4826 -4864 -5097 -5057 -4991 -5016 -5136 -5155 -5023 -5127 -5263 -5314 -5583 -5711 -5292 -5058 -5291 -5444 -5335 -5552 -5576 -5376 -5404 -5380 -5592 -5257 -5066 -5468 -5702 -5411 -5200 -5358 -5717 -5876 -5759 -5938 -5866 -5917 -5705 -5690 -5840 -5735 -5742 -5596 -5719 -5959 -5742 -5711 -5996 -6172 -5806 -5755 -6116 -6006 -5711 -6042 -6139 -6169 -5924 -5705 -5784 -5934 -6152 -6032
