Challenge_3/RasterMaps/South_America.asc
NCOLS        806
NROWS        908
XLLCENTER    -89.825000000000
YLLCENTER    -59.541666666667
CELLSIZE     0.08333333333334
NODATA_VALUE -9999
[rows 792 to 827 of 908, columns 332 to 414 of 806]
-155 -147 -183 -185 -218 -216 -171 -160 -148 -144 -146 -145 -139 -159 -173 -168 -162 -164 -162 -160 -161 -172 -182 -187 -188 -160 -142 -158 -190 -205 -200 -207 -203 -225 -218 -192 -202 -240 -201 -147 -142 -223 -247 -290 -303 -313 -278 -317 -323 -303 -291 -238 -222 -218 -253 -337 -345 -331 -347 -361 -369 -445 -406 -429 -437 -448 -467 -495 -524 -556 -588 -664 -650 -648 -526 -580 -701 -749 -779 -811 -859 -902 -929
-163 -165 -166 -172 -196 -180 -163 -170 -180 -188 -162 -156 -160 -170 -169 -159 -142 -155 -164 -159 -171 -189 -192 -197 -214 -224 -233 -230 -221 -208 -196 -206 -221 -238 -228 -206 -232 -251 -158 -121 -159 -240 -290 -304 -305 -305 -293 -301 -317 -311 -235 -266 -298 -321 -315 -337 -337 -337 -351 -372 -377 -385 -403 -410 -423 -431 -459 -504 -515 -527 -513 -608 -640 -660 -677 -649 -681 -708 -714 -780 -820 -850 -907
-160 -160 -163 -168 -170 -156 -150 -177 -192 -198 -156 -143 -159 -160 -163 -171 -139 -131 -138 -142 -185 -198 -199 -207 -197 -188 -214 -226 -234 -233 -225 -211 -216 -221 -196 -207 -231 -195 -130 -139 -183 -247 -279 -293 -282 -271 -269 -274 -282 -288 -295 -305 -277 -306 -318 -316 -327 -344 -361 -363 -374 -397 -401 -421 -456 -476 -471 -490 -534 -551 -545 -577 -634 -657 -682 -685 -636 -652 -662 -685 -750 -824 -860
-186 -186 -187 -174 -165 -173 -188 -186 -168 -160 -159 -159 -164 -157 -161 -179 -161 -136 -136 -168 -195 -199 -208 -196 -194 -158 -207 -227 -230 -231 -221 -215 -209 -199 -186 -188 -193 -161 -199 -238 -251 -256 -256 -265 -262 -248 -240 -246 -228 -255 -283 -288 -260 -288 -313 -312 -333 -346 -358 -366 -379 -393 -329 -380 -423 -444 -461 -417 -467 -524 -529 -577 -637 -638 -674 -713 -651 -702 -717 -724 -770 -808 -846
-182 -184 -168 -164 -167 -167 -159 -150 -158 -143 -142 -164 -145 -144 -149 -160 -145 -130 -137 -143 -176 -197 -211 -215 -207 -185 -189 -206 -210 -213 -207 -197 -181 -158 -145 -121 -135 -204 -225 -233 -232 -233 -231 -235 -231 -201 -227 -231 -243 -254 -255 -270 -273 -300 -298 -322 -331 -343 -358 -369 -388 -389 -346 -373 -453 -452 -486 -460 -480 -502 -530 -574 -581 -645 -652 -678 -682 -763 -772 -746 -777 -797 -862
-154 -166 -159 -155 -156 -168 -179 -170 -165 -167 -161 -165 -148 -168 -160 -169 -158 -132 -122 -107 -149 -192 -200 -195 -182 -132 -120 -140 -151 -175 -165 -154 -149 -155 -148 -119 -153 -210 -225 -219 -193 -178 -176 -177 -183 -195 -216 -216 -216 -216 -216 -236 -250 -265 -290 -308 -313 -337 -354 -369 -382 -402 -416 -412 -441 -422 -473 -487 -477 -497 -561 -625 -657 -663 -641 -716 -768 -806 -774 -786 -889 -894 -942
-158 -152 -151 -156 -178 -183 -185 -202 -182 -163 -164 -160 -162 -158 -145 -145 -151 -153 -142 -127 -162 -190 -186 -188 -175 -139 -130 -145 -155 -159 -168 -167 -166 -154 -169 -185 -197 -212 -218 -211 -181 -159 -152 -136 -134 -158 -151 -161 -172 -131 -123 -172 -226 -240 -257 -279 -303 -325 -351 -360 -369 -409 -417 -427 -403 -379 -425 -464 -468 -507 -556 -605 -650 -670 -669 -767 -804 -837 -854 -905 -954 -972 -1019
-172 -172 -182 -183 -174 -181 -196 -193 -172 -172 -179 -197 -187 -130 -139 -152 -157 -158 -158 -150 -148 -152 -156 -150 -151 -162 -169 -184 -190 -170 -177 -184 -178 -133 -123 -150 -182 -190 -177 -169 -95 -94 -121 -135 -129 -124 -118 -139 -138 -130 -134 -153 -149 -199 -225 -243 -284 -309 -337 -354 -379 -402 -413 -418 -402 -403 -442 -437 -439 -414 -500 -577 -601 -662 -697 -761 -808 -853 -881 -917 -961 -1005 -1045
-187 -190 -185 -180 -180 -180 -178 -176 -170 -171 -176 -164 -156 -151 -151 -145 -140 -152 -160 -147 -138 -139 -154 -165 -172 -188 -176 -166 -162 -152 -169 -183 -171 -128 -144 -160 -174 -187 -192 -152 -77 -57 -66 -95 -121 -146 -135 -130 -128 -146 -160 -166 -130 -157 -204 -176 -214 -281 -309 -334 -367 -393 -401 -410 -425 -432 -438 -441 -482 -444 -488 -544 -550 -592 -657 -739 -824 -873 -913 -943 -990 -1042 -1064
-210 -204 -192 -180 -175 -173 -166 -163 -156 -163 -156 -133 -120 -137 -141 -137 -137 -144 -155 -152 -147 -149 -150 -174 -170 -171 -163 -180 -173 -158 -144 -167 -188 -170 -136 -93 -67 -109 -135 -99 -84 -78 -78 -86 -97 -116 -122 -116 -106 -129 -140 -121 -131 -170 -168 -149 -132 -140 -209 -283 -328 -349 -372 -391 -414 -433 -445 -474 -512 -535 -542 -580 -592 -631 -710 -781 -832 -877 -932 -973 -1014 -1059 -1085
-193 -185 -185 -183 -180 -176 -152 -151 -150 -140 -154 -135 -133 -130 -128 -112 -115 -135 -133 -136 -137 -147 -144 -144 -147 -151 -149 -146 -144 -144 -140 -118 -153 -169 -173 -155 -152 -133 -120 -78 -135 -113 -137 -137 -142 -149 -124 -118 -120 -136 -150 -124 -148 -178 -145 -144 -138 -138 -133 -174 -164 -267 -328 -350 -410 -413 -445 -472 -505 -540 -578 -570 -599 -682 -738 -796 -846 -896 -963 -1015 -1047 -1078 -1108
-195 -192 -183 -180 -171 -160 -150 -143 -135 -82 -77 -74 -116 -103 -98 -99 -114 -128 -119 -115 -125 -139 -140 -136 -132 -131 -140 -146 -144 -137 -136 -139 -138 -139 -139 -140 -159 -149 -158 -142 -139 -154 -151 -134 -128 -152 -150 -151 -134 -132 -116 -126 -137 -130 -123 -130 -134 -133 -132 -125 -145 -202 -189 -297 -359 -402 -442 -451 -485 -518 -554 -598 -663 -724 -771 -826 -879 -933 -988 -1033 -1076 -1107 -1138
-194 -185 -187 -178 -166 -151 -148 -66 -134 -118 -106 -82 -95 -99 -95 -99 -105 -100 -92 -108 -118 -128 -145 -133 -134 -139 -127 -130 -137 -135 -135 -138 -140 -138 -137 -132 -117 -134 -136 -142 -147 -143 -145 -149 -133 -150 -181 -163 -143 -137 -141 -134 -130 -149 -175 -123 -132 -133 -133 -115 -117 -125 -137 -169 -298 -352 -390 -459 -486 -523 -576 -627 -674 -726 -779 -837 -891 -950 -994 -1050 -1102 -1134 -1153
-189 -190 -181 -180 -170 -158 -146 -113 -89 -105 -27 -23 -30 -35 -41 -44 -46 -47 -47 -47 -45 -44 -44 -45 -48 -82 -118 -117 -121 -125 -121 -117 -116 -141 -136 -130 -153 -146 -139 -130 -130 -135 -136 -134 -131 -133 -135 -129 -135 -135 -139 -142 -130 -137 -128 -122 -133 -126 -118 -113 -114 -111 -110 -168 -285 -319 -358 -446 -502 -545 -587 -643 -659 -707 -779 -850 -913 -958 -968 -1024 -1087 -1114 -1159
-194 -187 -182 -179 -180 -171 -152 -137 -120 -108 -47 -6 -7 -1 -7 -10 -21 -21 -29 -27 -29 -23 -28 -26 -33 -33 -40 -39 -47 -47 -98 -94 -102 -98 -85 -98 -109 -122 -127 -116 -119 -109 -122 -137 -125 -125 -121 -104 -110 -113 -110 -121 -123 -109 -122 -117 -128 -121 -116 -106 -108 -116 -125 -159 -261 -320 -376 -416 -469 -529 -569 -614 -677 -712 -762 -845 -950 -1000 -1013 -1053 -1096 -1140 -1187
-195 -192 -188 -186 -181 -175 -159 -153 -143 -122 -116 -72 -28 -15 -5 -1 -2 -1 -9 -12 -9 -2 -6 -6 -13 -15 -17 -19 -22 -25 -29 -31 -34 -37 -39 -39 -38 -36 -33 -34 -37 -41 -43 -46 -49 -68 -107 -97 -88 -91 -95 -103 -97 -116 -115 -115 -111 -102 -103 -108 -112 -123 -141 -272 -332 -379 -414 -447 -487 -533 -576 -619 -682 -725 -769 -842 -998 -1037 -1049 -1073 -1094 -1157 -1194
-204 -204 -204 -198 -189 -180 -167 -155 -151 -142 -132 -122 -93 -44 -20 3 -7 -5 -3 -3 -6 -5 -5 -3 -6 -1 -4 0 -6 -6 -12 -11 -18 -18 -25 -23 -25 -18 -9 -9 -20 -19 -25 -21 -27 -28 -37 -39 -46 -46 -52 -78 -83 -95 -94 -82 -94 -99 -104 -115 -132 -179 -233 -316 -366 -371 -428 -486 -523 -545 -598 -659 -704 -770 -793 -943 -1017 -1031 -1054 -1075 -1106 -1164 -1214
-212 -209 -204 -196 -189 -174 -153 -152 -144 -135 -125 -109 -81 -74 -34 -6 -2 -5 -6 7 -1 -1 -1 0 -1 -1 11 -1 -1 0 42 -1 12 -4 -8 -10 -10 -7 -2 32 5 -2 -3 21 0 -4 -12 -17 -19 -19 -21 -26 -36 -49 -78 -85 -93 -110 -119 -124 -171 -273 -289 -343 -383 -406 -452 -504 -519 -571 -653 -699 -721 -776 -873 -964 -1005 -1036 -1047 -1071 -1146 -1205 -1258
-220 -222 -199 -195 -190 -176 -154 -153 -138 -118 -124 -107 -92 -87 -45 -17 -11 -1 0 89 0 -1 -3 209 -1 -1 -1 7 -1 0 1 -1 -1 101 58 -1 -6 -1 21 5 10 70 72 59 21 36 -1 2 18 43 28 2 -16 -31 -50 -81 -114 -133 -133 -170 -241 -217 -306 -359 -416 -460 -474 -509 -546 -616 -671 -752 -820 -844 -911 -966 -992 -1039 -1062 -1113 -1204 -1237 -1228
-231 -226 -209 -194 -186 -170 -157 -149 -127 -114 -84 -84 -84 -87 -37 -15 -4 1 -5 -1 -1 89 7 -1 -1 -1 50 87 65 31 120 34 40 214 161 1 0 86 101 83 53 46 29 21 1 -1 28 109 167 113 67 42 -1 -13 -37 -97 -127 -134 -141 -186 -245 -292 -329 -375 -425 -468 -458 -396 -576 -652 -686 -741 -824 -884 -951 -1014 -1030 -1057 -1098 -1144 -1183 -1201 -1221
-231 -216 -201 -185 -166 -160 -142 -133 -126 -104 -87 -82 -72 -43 -29 -4 -2 -1 -9 -5 10 34 3 94 136 510 320 271 37 52 29 64 37 32 -4 -1 -1 -1 48 102 51 33 37 40 38 18 14 17 1 1 -3 -1 2 -4 -34 -103 -128 -140 -183 -219 -237 -302 -364 -406 -445 -476 -489 -571 -644 -684 -709 -819 -934 -962 -987 -1009 -1042 -1088 -1140 -1189 -1181 -1177 -1202
-208 -194 -196 -179 -172 -172 -152 -135 -116 -113 -32 -12 -22 -21 -13 -4 -1 -1 -5 -7 -5 -1 -1 2 173 49 103 123 179 433 527 112 2 -1 -1 -1 -1 43 195 114 128 151 340 320 85 38 24 4 195 122 73 94 106 -1 -28 -90 -134 -150 -199 -238 -289 -352 -392 -432 -468 -488 -513 -602 -700 -783 -859 -942 -998 -1005 -998 -994 -990 -1083 -1127 -1166 -1163 -1191 -1223
-180 -168 -161 -186 -138 -159 -133 -130 -110 -47 9 -1 -10 -6 -9 -2 -4 -2 2 79 65 103 2 -1 149 6 33 74 41 420 94 -1 -3 -1 -3 0 8 22 18 75 421 242 289 239 149 187 168 174 240 116 55 22 -2 -8 -43 -118 -139 -172 -220 -289 -319 -404 -447 -471 -467 -490 -478 -634 -766 -848 -932 -971 -1005 -1027 -1044 -1059 -1079 -1098 -1118 -1125 -1165 -1211 -1244
-212 -196 -188 -204 -191 -159 -134 -126 -119 -78 2 60 0 0 25 3 -2 -5 -5 11 -1 0 9 32 99 78 66 47 176 62 0 9 -1 -1 0 36 31 21 15 50 72 45 60 36 62 22 36 0 1 0 -8 -15 -27 -43 -115 -133 -160 -208 -273 -287 -300 -409 -442 -457 -476 -541 -656 -735 -810 -905 -972 -997 -1018 -1045 -1088 -1128 -1151 -1161 -1163 -1167 -1202 -1252 -1270
-226 -225 -215 -201 -189 -183 -144 -138 -123 -114 -107 -8 -3 109 98 13 -9 -6 -7 -1 -1 48 47 64 8 60 50 32 8 -1 -2 -1 6 38 35 47 16 22 22 -1 -1 18 14 18 17 23 -1 -2 -12 -19 -34 -43 -94 -115 -135 -184 -203 -259 -305 -300 -328 -427 -449 -479 -563 -630 -696 -789 -921 -988 -1034 -973 -1030 -1108 -1164 -1202 -1202 -1204 -1209 -1202 -1229 -1271 -1315
-252 -250 -235 -229 -239 -194 -147 -149 -136 -135 -129 -128 -32 -19 38 -1 30 24 1 -1 -1 87 55 85 16 0 25 35 -1 -1 -1 -1 22 59 61 28 25 53 32 36 23 17 0 -1 0 -1 -4 -14 -26 -40 -75 -92 -99 -122 -140 -182 -243 -258 -318 -333 -365 -411 -463 -503 -582 -684 -812 -887 -950 -972 -978 -1014 -1083 -1158 -1196 -1218 -1239 -1295 -1252 -1247 -1275 -1295 -1334
-269 -267 -267 -276 -270 -244 -188 -167 -168 -155 -140 -116 -116 -16 17 16 76 134 100 159 165 261 135 -2 -15 -13 -12 -3 -4 0 -2 15 70 50 12 14 5 -1 12 18 1 10 4 -1 24 -1 -14 -29 -46 -70 -84 -96 -124 -135 -167 -226 -287 -315 -327 -332 -382 -432 -464 -533 -630 -747 -854 -944 -1011 -979 -1004 -1088 -1169 -1195 -1226 -1252 -1252 -1275 -1242 -1272 -1305 -1336 -1370
-262 -241 -274 -283 -290 -290 -257 -238 -175 -182 -154 -146 -131 -134 -36 -34 0 0 210 54 81 33 42 -27 -48 -49 -34 -8 -1 0 20 58 25 0 31 51 15 -1 -1 -1 -1 0 0 -2 -6 -12 -29 -45 -84 -91 -101 -118 -135 -172 -230 -289 -321 -318 -326 -350 -371 -452 -501 -580 -678 -807 -910 -1013 -1009 -1005 -1085 -1174 -1220 -1243 -1261 -1265 -1279 -1255 -1285 -1311 -1348 -1385 -1424
-302 -274 -266 -250 -273 -300 -306 -270 -241 -196 -191 -163 -146 -120 -126 -99 -41 -12 48 65 -5 -3 -53 -85 -79 -84 -76 -34 -8 4 -5 2 30 0 -3 5 4 18 -1 1 -5 -3 -39 -12 -30 -36 -52 -99 -107 -112 -131 -151 -194 -231 -287 -316 -333 -338 -359 -375 -458 -496 -546 -615 -725 -880 -946 -996 -992 -1043 -1152 -1228 -1253 -1259 -1266 -1269 -1277 -1305 -1340 -1359 -1380 -1414 -1464
-322 -315 -300 -277 -287 -318 -333 -295 -267 -246 -218 -200 -168 -177 -158 -131 -130 -106 -90 -102 -140 -120 -108 -103 -105 -99 -78 -61 -12 -1 -1 -2 17 21 -1 -1 -1 -1 -1 -2 -7 -14 -19 -32 -46 -119 -127 -133 -143 -160 -190 -233 -273 -302 -341 -343 -354 -354 -365 -383 -440 -596 -652 -682 -826 -910 -942 -984 -1058 -1146 -1222 -1281 -1286 -1274 -1283 -1315 -1347 -1375 -1387 -1420 -1437 -1484 -1516
-313 -314 -305 -300 -321 -330 -334 -324 -293 -269 -251 -246 -247 -214 -189 -170 -172 -164 -160 -142 -133 -125 -129 -127 -121 -107 -111 -42 -20 6 -5 -16 -20 -8 -13 -8 -6 -1 -102 -1 -17 -29 -46 -96 -122 -136 -145 -172 -181 -234 -264 -303 -337 -359 -367 -371 -379 -372 -392 -419 -480 -541 -658 -771 -901 -938 -1005 -1065 -1147 -1235 -1302 -1315 -1306 -1314 -1366 -1395 -1419 -1414 -1438 -1492 -1537 -1543 -1552
-310 -311 -312 -321 -326 -331 -335 -339 -340 -337 -319 -303 -294 -268 -241 -222 -228 -222 -206 -189 -162 -153 -147 -142 -138 -136 -128 -118 -107 -82 -47 -45 -42 -38 -35 -29 -12 -8 -8 -8 -32 -49 -109 -125 -131 -150 -170 -212 -253 -292 -300 -371 -383 -389 -396 -395 -405 -399 -445 -474 -494 -634 -734 -855 -968 -1007 -1079 -1203 -1305 -1329 -1339 -1316 -1342 -1375 -1387 -1444 -1483 -1525 -1542 -1569 -1594 -1612 -1606
-318 -324 -317 -305 -330 -350 -355 -350 -345 -352 -349 -335 -332 -317 -305 -298 -301 -267 -243 -227 -196 -183 -154 -153 -152 -140 -125 -120 -102 -111 -102 -95 -98 -63 -59 -46 -78 -84 -79 -92 -108 -127 -136 -147 -201 -245 -268 -293 -342 -374 -415 -430 -422 -425 -433 -429 -431 -428 -486 -550 -624 -704 -807 -950 -1072 -1089 -1202 -1352 -1359 -1335 -1333 -1359 -1393 -1435 -1486 -1521 -1548 -1580 -1594 -1622 -1649 -1661 -1666
-327 -332 -331 -331 -337 -342 -346 -348 -349 -355 -358 -363 -366 -369 -376 -350 -335 -321 -304 -290 -246 -148 -186 -190 -172 -164 -154 -128 -112 -117 -112 -129 -109 -97 -109 -121 -119 -118 -111 -115 -122 -129 -152 -197 -238 -287 -337 -385 -434 -465 -478 -474 -466 -465 -471 -461 -461 -500 -553 -617 -677 -767 -928 -1051 -1126 -1227 -1368 -1378 -1370 -1368 -1394 -1434 -1467 -1514 -1549 -1570 -1602 -1615 -1632 -1673 -1692 -1724 -1754
-336 -344 -338 -339 -343 -346 -353 -353 -355 -357 -362 -367 -373 -369 -379 -389 -395 -335 -359 -336 -296 -262 -227 -210 -184 -173 -176 -171 -171 -174 -174 -166 -147 -131 -127 -120 -109 -117 -116 -134 -166 -178 -228 -276 -334 -381 -426 -476 -489 -483 -471 -479 -479 -478 -491 -503 -537 -608 -655 -703 -769 -890 -1103 -1182 -1197 -1368 -1458 -1457 -1409 -1440 -1490 -1526 -1566 -1594 -1617 -1644 -1656 -1686 -1733 -1736 -1754 -1790 -1833
-341 -338 -337 -337 -340 -340 -339 -343 -345 -347 -351 -358 -366 -366 -377 -379 -389 -391 -405 -411 -406 -294 -284 -252 -264 -216 -201 -173 -159 -155 -159 -152 -128 -131 -108 -67 -107 -110 -106 -121 -176 -244 -286 -362 -454 -470 -461 -458 -455 -464 -460 -466 -473 -476 -520 -554 -628 -707 -736 -826 -951 -1100 -1235 -1362 -1435 -1439 -1455 -1496 -1534 -1544 -1575 -1585 -1633 -1679 -1711 -1728 -1744 -1756 -1784 -1839 -1890 -1895 -1919
